0	0
0.00100000000000000	0
0.00200000000000000	0
0.00300000000000000	0
0.00400000000000000	0
0.00500000000000000	-1.26415779042380e-10
0.00600000000000000	-1.42499201264448e-10
0.00700000000000000	-1.60588252298843e-10
0.00800000000000000	-1.80927797057190e-10
0.00900000000000000	-2.03791931819003e-10
0.0100000000000000	-2.29487391291496e-10
0.0110000000000000	-2.58357342729805e-10
0.0120000000000000	-2.90785609891507e-10
0.0130000000000000	-3.27201374186464e-10
0.0140000000000000	-3.68084405446219e-10
0.0150000000000000	-4.13970880324063e-10
0.0160000000000000	-4.65459852499502e-10
0.0170000000000000	-5.23220445656730e-10
0.0180000000000000	-5.87999847698027e-10
0.0190000000000000	-6.60632192908832e-10
0.0200000000000000	-7.42048427886220e-10
0.0210000000000000	-8.33287267059174e-10
0.0220000000000000	-9.35507354656736e-10
0.0230000000000000	-1.05000076211770e-09
0.0240000000000000	-1.17820796328950e-09
0.0250000000000000	-1.32173444445245e-09
0.0260000000000000	-1.48236912235587e-09
0.0270000000000000	-1.66210476120522e-09
0.0280000000000000	-1.86316059904625e-09
0.0290000000000000	-2.08800741542048e-09
0.0300000000000000	-2.33939529569669e-09
0.0310000000000000	-2.62038437331438e-09
0.0320000000000000	-2.93437885952210e-09
0.0330000000000000	-3.28516470129180e-09
0.0340000000000000	-3.67695124219494e-09
0.0350000000000000	-4.11441729841654e-09
0.0360000000000000	-4.60276210306102e-09
0.0370000000000000	-5.14776161679970e-09
0.0380000000000000	-5.75583075208187e-09
0.0390000000000000	-6.43409211196770e-09
0.0400000000000000	-7.19045190356714e-09
0.0410000000000000	-8.03368375054232e-09
0.0420000000000000	-8.97352119965065e-09
0.0430000000000000	-1.00207597934137e-08
0.0440000000000000	-1.11873696652800e-08
0.0450000000000000	-1.24866197057454e-08
0.0460000000000000	-1.39332144484898e-08
0.0470000000000000	-1.55434449354380e-08
0.0480000000000000	-1.73353549395585e-08
0.0490000000000000	-1.93289240550538e-08
0.0500000000000000	-2.15462693073326e-08
0.0510000000000000	-2.40118670907845e-08
0.0520000000000000	-2.67527974120527e-08
0.0530000000000000	-2.97990126013762e-08
0.0540000000000000	-3.31836328559853e-08
0.0550000000000000	-3.69432711988531e-08
0.0560000000000000	-4.11183906748640e-08
0.0570000000000000	-4.57536968662762e-08
0.0580000000000000	-5.08985690919947e-08
0.0590000000000000	-5.66075339625349e-08
0.0600000000000000	-6.29407852966768e-08
0.0610000000000000	-6.99647547689088e-08
0.0620000000000000	-7.77527380511951e-08
0.0630000000000000	-8.63855816409312e-08
0.0640000000000000	-9.59524360319330e-08
0.0650000000000000	-1.06551581389879e-07
0.0660000000000000	-1.18291332440986e-07
0.0670000000000000	-1.31291029876246e-07
0.0680000000000000	-1.45682126216966e-07
0.0690000000000000	-1.61609374784571e-07
0.0700000000000000	-1.79232131172856e-07
0.0710000000000000	-1.98725777438684e-07
0.0720000000000000	-2.20283280112356e-07
0.0730000000000000	-2.44116894086689e-07
0.0740000000000000	-2.70460025479973e-07
0.0750000000000000	-2.99569267688144e-07
0.0760000000000000	-3.31726626052407e-07
0.0770000000000000	-3.67241947876764e-07
0.0780000000000000	-4.06455575942882e-07
0.0790000000000000	-4.49741245195343e-07
0.0800000000000000	-4.97509243916656e-07
0.0810000000000000	-5.50209862487816e-07
0.0820000000000000	-6.08337154745683e-07
0.0830000000000000	-6.72433039013629e-07
0.0840000000000000	-7.43091768107238e-07
0.0850000000000000	-8.20964800014112e-07
0.0860000000000000	-9.06766103528162e-07
0.0870000000000000	-1.00127793589729e-06
0.0880000000000000	-1.10535713253300e-06
0.0890000000000000	-1.21994195204593e-06
0.0900000000000000	-1.34605952332854e-06
0.0910000000000000	-1.48483394512139e-06
0.0920000000000000	-1.63749509249103e-06
0.0930000000000000	-1.80538818893378e-06
0.0940000000000000	-1.98998420742064e-06
0.0950000000000000	-2.19289116863570e-06
0.0960000000000000	-2.41586640995564e-06
0.0970000000000000	-2.66082990439545e-06
0.0980000000000000	-2.92987871482976e-06
0.0990000000000000	-3.22530267531802e-06
0.100000000000000	-3.54960139834078e-06
0.101000000000000	-3.90550271422700e-06
0.102000000000000	-4.29598265704489e-06
0.103000000000000	-4.72428711977983e-06
0.104000000000000	-5.19395531076200e-06
0.105000000000000	-5.70884515307404e-06
0.106000000000000	-6.27316077910206e-06
0.107000000000000	-6.89148228353192e-06
0.108000000000000	-7.56879790998157e-06
0.109000000000000	-8.31053885914176e-06
0.110000000000000	-9.12261691982059e-06
0.111000000000000	-1.00114651387009e-05
0.112000000000000	-1.09840817599754e-05
0.113000000000000	-1.20480776823751e-05
0.114000000000000	-1.32117276985166e-05
0.115000000000000	-1.44840258000056e-05
0.116000000000000	-1.58747448514364e-05
0.117000000000000	-1.73945009573524e-05
0.118000000000000	-1.90548228684827e-05
0.119000000000000	-2.08682267971849e-05
0.120000000000000	-2.28482970370998e-05
0.121000000000000	-2.50097728086252e-05
0.122000000000000	-2.73686417800277e-05
0.123000000000000	-2.99422407439132e-05
0.124000000000000	-3.27493639604578e-05
0.125000000000000	-3.58103797123466e-05
0.126000000000000	-3.91473556518785e-05
0.127000000000000	-4.27841935582527e-05
0.128000000000000	-4.67467741627685e-05
0.129000000000000	-5.10631127416468e-05
0.130000000000000	-5.57635262205061e-05
0.131000000000000	-6.08808125813355e-05
0.132000000000000	-6.64504434121859e-05
0.133000000000000	-7.25107704918816e-05
0.134000000000000	-7.91032473569468e-05
0.135000000000000	-8.62726668557673e-05
0.136000000000000	-9.40674157558873e-05
0.137000000000000	-0.000102539747534410
0.138000000000000	-0.000111746074548847
0.139000000000000	-0.000121747280856565
0.140000000000000	-0.000132609057025392
0.141000000000000	-0.000144402258356011
0.142000000000000	-0.000157203288018738
0.143000000000000	-0.000171094506693172
0.144000000000000	-0.000186164670389278
0.145000000000000	-0.000202509398222707
0.146000000000000	-0.000220231672015889
0.147000000000000	-0.000239442369699630
0.148000000000000	-0.000260260834597824
0.149000000000000	-0.000282815482790601
0.150000000000000	-0.000307244450868835
0.151000000000000	-0.000333696286515643
0.152000000000000	-0.000362330684478404
0.153000000000000	-0.000393319270628011
0.154000000000000	-0.000426846436940725
0.155000000000000	-0.000463110230382217
0.156000000000000	-0.000502323298823180
0.157000000000000	-0.000544713897271556
0.158000000000000	-0.000590526957867833
0.159000000000000	-0.000640025227257243
0.160000000000000	-0.000693490475126084
0.161000000000000	-0.000751224777868761
0.162000000000000	-0.000813551881537694
0.163000000000000	-0.000880818648419854
0.164000000000000	-0.000953396591781468
0.165000000000000	-0.00103168350352631
0.166000000000000	-0.00111610517972309
0.167000000000000	-0.00120711724917339
0.168000000000000	-0.00130520711041385
0.169000000000000	-0.00141089598277406
0.170000000000000	-0.00152474107734573
0.171000000000000	-0.00164733789395758
0.172000000000000	-0.00177932265049595
0.173000000000000	-0.00192137485116059
0.174000000000000	-0.00207422000050079
0.175000000000000	-0.00223863247033647
0.176000000000000	-0.00241543852693359
0.177000000000000	-0.00260551952607104
0.178000000000000	-0.00280981528390885
0.179000000000000	-0.00302932763184232
0.180000000000000	-0.00326512416380474
0.181000000000000	-0.00351834218476161
0.182000000000000	-0.00379019286942089
0.183000000000000	-0.00408196564046638
0.184000000000000	-0.00439503277590403
0.185000000000000	-0.00473085425539360
0.186000000000000	-0.00509098285571830
0.187000000000000	-0.00547706950582409
0.188000000000000	-0.00589086891213505
0.189000000000000	-0.00633424546512236
0.190000000000000	-0.00680917943836969
0.191000000000000	-0.00731777349163655
0.192000000000000	-0.00786225948967177
0.193000000000000	-0.00844500564877119
0.194000000000000	-0.00906852402330383
0.195000000000000	-0.00973547834464990
0.196000000000000	-0.0104486922251982
0.197000000000000	-0.0112111577402402
0.198000000000000	-0.0120260444007682
0.199000000000000	-0.0128967085303411
0.200000000000000	-0.0138267030593074
0.201000000000000	-0.0148197877497881
0.202000000000000	-0.0158799398649016
0.203000000000000	-0.0170113652957695
0.204000000000000	-0.0182185101598650
0.205000000000000	-0.0195060728842605
0.206000000000000	-0.0208790167872871
0.207000000000000	-0.0223425831720371
0.208000000000000	-0.0239023049450234
0.209000000000000	-0.0255640207731405
0.210000000000000	-0.0273338897918692
0.211000000000000	-0.0292184068773990
0.212000000000000	-0.0312244184950386
0.213000000000000	-0.0333591391359145
0.214000000000000	-0.0356301683535316
0.215000000000000	-0.0380455084112858
0.216000000000000	-0.0406135825514639
0.217000000000000	-0.0433432538956453
0.218000000000000	-0.0462438449857282
0.219000000000000	-0.0493251579740330
0.220000000000000	-0.0525974954700881
0.221000000000000	-0.0560716820507746
0.222000000000000	-0.0597590864394856
0.223000000000000	-0.0636716443588537
0.224000000000000	-0.0678218820603968
0.225000000000000	-0.0722229405331363
0.226000000000000	-0.0768886003918447
0.227000000000000	-0.0818333074440764
0.228000000000000	-0.0870721989335275
0.229000000000000	-0.0926211304555492
0.230000000000000	-0.0984967035388076
0.231000000000000	-0.104716293885127
0.232000000000000	-0.111298080257490
0.233000000000000	-0.118261074003961
0.234000000000000	-0.125625149202992
0.235000000000000	-0.133411073413123
0.236000000000000	-0.141640539007477
0.237000000000000	-0.150336195070802
0.238000000000000	-0.159521679833895
0.239000000000000	-0.169221653617312
0.240000000000000	-0.179461832253123
0.241000000000000	-0.190269020950238
0.242000000000000	-0.201671148565386
0.243000000000000	-0.213697302238369
0.244000000000000	-0.226377762346459
0.245000000000000	-0.239744037729068
0.246000000000000	-0.253828901129815
0.247000000000000	-0.268666424799076
0.248000000000000	-0.284292016195862
0.249000000000000	-0.300742453723543
0.250000000000000	-0.318055922429444
0.251000000000000	-0.336272049593773
0.252000000000000	-0.355431940128610
0.253000000000000	-0.375578211702857
0.254000000000000	-0.396755029504152
0.255000000000000	-0.419008140543666
0.256000000000000	-0.442384907404624
0.257000000000000	-0.466934341330160
0.258000000000000	-0.492707134540834
0.259000000000000	-0.519755691666787
0.260000000000000	-0.548134160174105
0.261000000000000	-0.577898459659523
0.262000000000000	-0.609106309882091
0.263000000000000	-0.641817257394949
0.264000000000000	-0.676092700634848
0.265000000000000	-0.711995913321536
0.266000000000000	-0.749592066013703
0.267000000000000	-0.788948245662697
0.268000000000000	-0.830133472999919
0.269000000000000	-0.873218717588475
0.270000000000000	-0.918276910364483
0.271000000000000	-0.965382953488403
0.272000000000000	-1.01461372732178
0.273000000000000	-1.06604809434009
0.274000000000000	-1.11976689978770
0.275000000000000	-1.17585296887676
0.276000000000000	-1.23439110032754
0.277000000000000	-1.29546805604393
0.278000000000000	-1.35917254671432
0.279000000000000	-1.42559521312465
0.280000000000000	-1.49482860296760
0.281000000000000	-1.56696714292940
0.282000000000000	-1.64210710583343
0.283000000000000	-1.72034657261809
0.284000000000000	-1.80178538892540
0.285000000000000	-1.88652511607557
0.286000000000000	-1.97466897620300
0.287000000000000	-2.06632179132905
0.288000000000000	-2.16158991614816
0.289000000000000	-2.26058116430510
0.290000000000000	-2.36340472794343
0.291000000000000	-2.47017109030801
0.292000000000000	-2.58099193118796
0.293000000000000	-2.69598002499047
0.294000000000000	-2.81524913124142
0.295000000000000	-2.93891387731384
0.296000000000000	-3.06708963319243
0.297000000000000	-3.19989237808966
0.298000000000000	-3.33743855873713
0.299000000000000	-3.47984493918539
0.300000000000000	-3.62722844195532
0.301000000000000	-3.77970598039546
0.302000000000000	-3.93739428211165
0.303000000000000	-4.10040970334834
0.304000000000000	-4.26886803421504
0.305000000000000	-4.44288429466644
0.306000000000000	-4.62257252116065
0.307000000000000	-4.80804554393738
0.308000000000000	-4.99941475487571
0.309000000000000	-5.19678986591043
0.310000000000000	-5.40027865800633
0.311000000000000	-5.60998672071070
0.312000000000000	-5.82601718232694
0.313000000000000	-6.04847043077535
0.314000000000000	-6.27744382523160
0.315000000000000	-6.51303139865863
0.316000000000000	-6.75532355137416
0.317000000000000	-7.00440673582323
0.318000000000000	-7.26036313275340
0.319000000000000	-7.52327031901938
0.320000000000000	-7.79320092727378
0.321000000000000	-8.07022229783159
0.322000000000000	-8.35439612302744
0.323000000000000	-8.64577808441696
0.324000000000000	-8.94441748320681
0.325000000000000	-9.25035686433115
0.326000000000000	-9.56363163462677
0.327000000000000	-9.88426967559354
0.328000000000000	-10.2122909512620
0.329000000000000	-10.5477071117251
0.330000000000000	-10.8905210929273
0.331000000000000	-11.2407267133384
0.332000000000000	-11.5983082681782
0.333000000000000	-11.9632401218908
0.334000000000000	-12.3354862996051
0.335000000000000	-12.7150000783531
0.336000000000000	-13.1017235788523
0.337000000000000	-13.4955873586935
0.338000000000000	-13.8965100078102
0.339000000000000	-14.3043977471378
0.340000000000000	-14.7191440314048
0.341000000000000	-15.1406291570292
0.342000000000000	-15.5687198761250
0.343000000000000	-16.0032690176513
0.344000000000000	-16.4441151167674
0.345000000000000	-16.8910820534813
0.346000000000000	-17.3439787017074
0.347000000000000	-17.8025985898680
0.348000000000000	-18.2667195742011
0.349000000000000	-18.7361035259506
0.350000000000000	-19.2104960336362
0.351000000000000	-19.6896261216139
0.352000000000000	-20.1732059861531
0.353000000000000	-20.6609307502623
0.354000000000000	-21.1524782385075
0.355000000000000	-21.6475087730709
0.356000000000000	-22.1456649922965
0.357000000000000	-22.6465716929740
0.358000000000000	-23.1498356976013
0.359000000000000	-23.6550457478654
0.360000000000000	-24.1617724255635
0.361000000000000	-24.6695681021786
0.362000000000000	-25.1779669182997
0.363000000000000	-25.6864847940607
0.364000000000000	-26.1946194717427
0.365000000000000	-26.7018505916567
0.366000000000000	-27.2076398023915
0.367000000000000	-27.7114309064735
0.368000000000000	-28.2126500424448
0.369000000000000	-28.7107059043205
0.370000000000000	-29.2049899993384
0.371000000000000	-29.6948769448599
0.372000000000000	-30.1797248052247
0.373000000000000	-30.6588754693013
0.374000000000000	-31.1316550694089
0.375000000000000	-31.5973744422189
0.376000000000000	-32.0553296321696
0.377000000000000	-32.5048024378534
0.378000000000000	-32.9450610017523
0.379000000000000	-33.3753604436156
0.380000000000000	-33.7949435376848
0.381000000000000	-34.2030414338796
0.382000000000000	-34.5988744229657
0.383000000000000	-34.9816527456236
0.384000000000000	-35.3505774452426
0.385000000000000	-35.7048412641549
0.386000000000000	-36.0436295829221
0.387000000000000	-36.3661214021767
0.388000000000000	-36.6714903664099
0.389000000000000	-36.9589058289842
0.390000000000000	-37.2275339575362
0.391000000000000	-37.4765388788160
0.392000000000000	-37.7050838618948
0.393000000000000	-37.9123325385539
0.394000000000000	-38.0974501595468
0.395000000000000	-38.2596048853109
0.396000000000000	-38.3979691095827
0.397000000000000	-38.5117208142534
0.398000000000000	-38.6000449536823
0.399000000000000	-38.6621348665699
0.400000000000000	-38.6971937133746
0.401000000000000	-38.7044359371437
0.402000000000000	-38.6830887455174
0.403000000000000	-38.6323936115548
0.404000000000000	-38.5516077909224
0.405000000000000	-38.4400058528839
0.406000000000000	-38.2968812224286
0.407000000000000	-38.1215477307791
0.408000000000000	-37.9133411714267
0.409000000000000	-37.6716208587575
0.410000000000000	-37.3957711862454
0.411000000000000	-37.0852031811156
0.412000000000000	-36.7393560523068
0.413000000000000	-36.3576987284977
0.414000000000000	-35.9397313829021
0.415000000000000	-35.4849869414847
0.416000000000000	-34.9930325712067
0.417000000000000	-34.4634711448673
0.418000000000000	-33.8959426790812
0.419000000000000	-33.2901257419066
0.420000000000000	-32.6457388266243
0.421000000000000	-31.9625416881621
0.422000000000000	-31.2403366386604
0.423000000000000	-30.4789697986853
0.424000000000000	-29.6783323006175
0.425000000000000	-28.8383614407701
0.426000000000000	-27.9590417768293
0.427000000000000	-27.0404061672588
0.428000000000000	-26.0825367493629
0.429000000000000	-25.0855658527723
0.430000000000000	-24.0496768451886
0.431000000000000	-22.9751049073115
0.432000000000000	-21.8621377339624
0.433000000000000	-20.7111161585266
0.434000000000000	-19.5224346979438
0.435000000000000	-18.2965420156004
0.436000000000000	-17.0339412996092
0.437000000000000	-15.7351905540976
0.438000000000000	-14.4009028012764
0.439000000000000	-13.0317461922154
0.440000000000000	-11.6284440244180
0.441000000000000	-10.1917746644564
0.442000000000000	-8.72257137411142
0.443000000000000	-7.22172203864424
0.444000000000000	-5.69016879602265
0.445000000000000	-4.12890756612302
0.446000000000000	-2.53898747913426
0.447000000000000	-0.921510202600995
0.448000000000000	0.722370833241550
0.449000000000000	2.39145131196802
0.450000000000000	4.08447700920260
0.451000000000000	5.80014487227395
0.452000000000000	7.53710420073172
0.453000000000000	9.29395792693880
0.454000000000000	11.0692639957195
0.455000000000000	12.8615368418088
0.456000000000000	14.6692489636138
0.457000000000000	16.4908325915612
0.458000000000000	18.3246814490734
0.459000000000000	20.1691526039808
0.460000000000000	22.0225684079497
0.461000000000000	23.8832185212753
0.462000000000000	25.7493620201682
0.463000000000000	27.6192295834398
0.464000000000000	29.4910257552795
0.465000000000000	31.3629312806063
0.466000000000000	33.2331055092722
0.467000000000000	35.0996888652010
0.468000000000000	36.9608053763534
0.469000000000000	38.8145652612305
0.470000000000000	40.6590675674525
0.471000000000000	42.4924028577863
0.472000000000000	44.3126559388417
0.473000000000000	46.1179086275102
0.474000000000000	47.9062425500883
0.475000000000000	49.6757419689029
0.476000000000000	51.4244966311464
0.477000000000000	53.1506046345299
0.478000000000000	54.8521753042754
0.479000000000000	56.5273320758940
0.480000000000000	58.1742153781362
0.481000000000000	59.7909855104514
0.482000000000000	61.3758255092615
0.483000000000000	62.9269439973299
0.484000000000000	64.4425780105022
0.485000000000000	65.9209957961013
0.486000000000000	67.3604995772819
0.487000000000000	68.7594282776822
0.488000000000000	70.1161602007641
0.489000000000000	71.4291156582918
0.490000000000000	72.6967595424806
0.491000000000000	73.9176038364374
0.492000000000000	75.0902100576186
0.493000000000000	76.2131916291520
0.494000000000000	77.2852161739991
0.495000000000000	78.3050077270816
0.496000000000000	79.2713488606508
0.497000000000000	80.1830827183506
0.498000000000000	81.0391149536067
0.499000000000000	81.8384155681660
0.500000000000000	82.5800206468167
0.501000000000000	83.2630339845329
0.502000000000000	83.8866286025132
0.503000000000000	84.4500481498163
0.504000000000000	84.9526081875396
0.505000000000000	85.3936973527379
0.506000000000000	85.7727783995370
0.507000000000000	86.0893891151640
0.508000000000000	86.3431431088857
0.509000000000000	86.5337304721238
0.510000000000000	86.6609183082970
0.511000000000000	86.7245511312264
0.512000000000000	86.7245511312264
0.513000000000000	86.6609183082970
0.514000000000000	86.5337304721238
0.515000000000000	86.3431431088857
0.516000000000000	86.0893891151640
0.517000000000000	85.7727783995370
0.518000000000000	85.3936973527379
0.519000000000000	84.9526081875396
0.520000000000000	84.4500481498163
0.521000000000000	83.8866286025132
0.522000000000000	83.2630339845329
0.523000000000000	82.5800206468167
0.524000000000000	81.8384155681660
0.525000000000000	81.0391149536067
0.526000000000000	80.1830827183506
0.527000000000000	79.2713488606508
0.528000000000000	78.3050077270816
0.529000000000000	77.2852161739991
0.530000000000000	76.2131916291520
0.531000000000000	75.0902100576186
0.532000000000000	73.9176038364374
0.533000000000000	72.6967595424806
0.534000000000000	71.4291156582918
0.535000000000000	70.1161602007641
0.536000000000000	68.7594282776822
0.537000000000000	67.3604995772819
0.538000000000000	65.9209957961013
0.539000000000000	64.4425780105022
0.540000000000000	62.9269439973299
0.541000000000000	61.3758255092615
0.542000000000000	59.7909855104514
0.543000000000000	58.1742153781362
0.544000000000000	56.5273320758941
0.545000000000000	54.8521753042755
0.546000000000000	53.1506046345299
0.547000000000000	51.4244966311465
0.548000000000000	49.6757419689030
0.549000000000000	47.9062425500884
0.550000000000000	46.1179086275103
0.551000000000000	44.3126559388418
0.552000000000000	42.4924028577864
0.553000000000000	40.6590675674526
0.554000000000000	38.8145652612306
0.555000000000000	36.9608053763535
0.556000000000000	35.0996888652011
0.557000000000000	33.2331055092723
0.558000000000000	31.3629312806064
0.559000000000000	29.4910257552796
0.560000000000000	27.6192295834399
0.561000000000000	25.7493620201683
0.562000000000000	23.8832185212754
0.563000000000000	22.0225684079498
0.564000000000000	20.1691526039809
0.565000000000000	18.3246814490735
0.566000000000000	16.4908325915613
0.567000000000000	14.6692489636139
0.568000000000000	12.8615368418089
0.569000000000000	11.0692639957196
0.570000000000000	9.29395792693890
0.571000000000000	7.53710420073182
0.572000000000000	5.80014487227404
0.573000000000000	4.08447700920270
0.574000000000000	2.39145131196811
0.575000000000000	0.722370833241645
0.576000000000000	-0.921510202601087
0.577000000000000	-2.53898747913435
0.578000000000000	-4.12890756612310
0.579000000000000	-5.69016879602273
0.580000000000000	-7.22172203864433
0.581000000000000	-8.72257137411151
0.582000000000000	-10.1917746644565
0.583000000000000	-11.6284440244181
0.584000000000000	-13.0317461922155
0.585000000000000	-14.4009028012765
0.586000000000000	-15.7351905540977
0.587000000000000	-17.0339412996093
0.588000000000000	-18.2965420156005
0.589000000000000	-19.5224346979439
0.590000000000000	-20.7111161585267
0.591000000000000	-21.8621377339624
0.592000000000000	-22.9751049073115
0.593000000000000	-24.0496768451887
0.594000000000000	-25.0855658527723
0.595000000000000	-26.0825367493629
0.596000000000000	-27.0404061672588
0.597000000000000	-27.9590417768293
0.598000000000000	-28.8383614407701
0.599000000000000	-29.6783323006176
0.600000000000000	-30.4789697986853
0.601000000000000	-31.2403366386604
0.602000000000000	-31.9625416881622
0.603000000000000	-32.6457388266243
0.604000000000000	-33.2901257419066
0.605000000000000	-33.8959426790813
0.606000000000000	-34.4634711448674
0.607000000000000	-34.9930325712068
0.608000000000000	-35.4849869414847
0.609000000000000	-35.9397313829021
0.610000000000000	-36.3576987284977
0.611000000000000	-36.7393560523068
0.612000000000000	-37.0852031811156
0.613000000000000	-37.3957711862454
0.614000000000000	-37.6716208587575
0.615000000000000	-37.9133411714267
0.616000000000000	-38.1215477307791
0.617000000000000	-38.2968812224286
0.618000000000000	-38.4400058528839
0.619000000000000	-38.5516077909224
0.620000000000000	-38.6323936115548
0.621000000000000	-38.6830887455174
0.622000000000000	-38.7044359371437
0.623000000000000	-38.6971937133746
0.624000000000000	-38.6621348665699
0.625000000000000	-38.6000449536823
0.626000000000000	-38.5117208142534
0.627000000000000	-38.3979691095827
0.628000000000000	-38.2596048853109
0.629000000000000	-38.0974501595468
0.630000000000000	-37.9123325385539
0.631000000000000	-37.7050838618948
0.632000000000000	-37.4765388788160
0.633000000000000	-37.2275339575362
0.634000000000000	-36.9589058289842
0.635000000000000	-36.6714903664099
0.636000000000000	-36.3661214021767
0.637000000000000	-36.0436295829221
0.638000000000000	-35.7048412641549
0.639000000000000	-35.3505774452426
0.640000000000000	-34.9816527456236
0.641000000000000	-34.5988744229657
0.642000000000000	-34.2030414338796
0.643000000000000	-33.7949435376848
0.644000000000000	-33.3753604436156
0.645000000000000	-32.9450610017523
0.646000000000000	-32.5048024378534
0.647000000000000	-32.0553296321696
0.648000000000000	-31.5973744422189
0.649000000000000	-31.1316550694089
0.650000000000000	-30.6588754693013
0.651000000000000	-30.1797248052247
0.652000000000000	-29.6948769448599
0.653000000000000	-29.2049899993384
0.654000000000000	-28.7107059043205
0.655000000000000	-28.2126500424448
0.656000000000000	-27.7114309064735
0.657000000000000	-27.2076398023915
0.658000000000000	-26.7018505916567
0.659000000000000	-26.1946194717427
0.660000000000000	-25.6864847940607
0.661000000000000	-25.1779669182997
0.662000000000000	-24.6695681021786
0.663000000000000	-24.1617724255635
0.664000000000000	-23.6550457478654
0.665000000000000	-23.1498356976013
0.666000000000000	-22.6465716929740
0.667000000000000	-22.1456649922965
0.668000000000000	-21.6475087730709
0.669000000000000	-21.1524782385075
0.670000000000000	-20.6609307502623
0.671000000000000	-20.1732059861531
0.672000000000000	-19.6896261216139
0.673000000000000	-19.2104960336362
0.674000000000000	-18.7361035259507
0.675000000000000	-18.2667195742011
0.676000000000000	-17.8025985898680
0.677000000000000	-17.3439787017074
0.678000000000000	-16.8910820534814
0.679000000000000	-16.4441151167674
0.680000000000000	-16.0032690176514
0.681000000000000	-15.5687198761251
0.682000000000000	-15.1406291570293
0.683000000000000	-14.7191440314048
0.684000000000000	-14.3043977471379
0.685000000000000	-13.8965100078103
0.686000000000000	-13.4955873586936
0.687000000000000	-13.1017235788523
0.688000000000000	-12.7150000783532
0.689000000000000	-12.3354862996051
0.690000000000000	-11.9632401218908
0.691000000000000	-11.5983082681782
0.692000000000000	-11.2407267133384
0.693000000000000	-10.8905210929273
0.694000000000000	-10.5477071117252
0.695000000000000	-10.2122909512620
0.696000000000000	-9.88426967559355
0.697000000000000	-9.56363163462679
0.698000000000000	-9.25035686433117
0.699000000000000	-8.94441748320683
0.700000000000000	-8.64577808441698
0.701000000000000	-8.35439612302746
0.702000000000000	-8.07022229783161
0.703000000000000	-7.79320092727379
0.704000000000000	-7.52327031901936
0.705000000000000	-7.26036313275339
0.706000000000000	-7.00440673582321
0.707000000000000	-6.75532355137414
0.708000000000000	-6.51303139865861
0.709000000000000	-6.27744382523158
0.710000000000000	-6.04847043077533
0.711000000000000	-5.82601718232692
0.712000000000000	-5.60998672071069
0.713000000000000	-5.40027865800632
0.714000000000000	-5.19678986591042
0.715000000000000	-4.99941475487569
0.716000000000000	-4.80804554393737
0.717000000000000	-4.62257252116064
0.718000000000000	-4.44288429466643
0.719000000000000	-4.26886803421503
0.720000000000000	-4.10040970334833
0.721000000000000	-3.93739428211164
0.722000000000000	-3.77970598039545
0.723000000000000	-3.62722844195531
0.724000000000000	-3.47984493918538
0.725000000000000	-3.33743855873712
0.726000000000000	-3.19989237808965
0.727000000000000	-3.06708963319242
0.728000000000000	-2.93891387731383
0.729000000000000	-2.81524913124142
0.730000000000000	-2.69598002499046
0.731000000000000	-2.58099193118795
0.732000000000000	-2.47017109030801
0.733000000000000	-2.36340472794342
0.734000000000000	-2.26058116430509
0.735000000000000	-2.16158991614816
0.736000000000000	-2.06632179132905
0.737000000000000	-1.97466897620300
0.738000000000000	-1.88652511607557
0.739000000000000	-1.80178538892540
0.740000000000000	-1.72034657261809
0.741000000000000	-1.64210710583343
0.742000000000000	-1.56696714292940
0.743000000000000	-1.49482860296760
0.744000000000000	-1.42559521312465
0.745000000000000	-1.35917254671432
0.746000000000000	-1.29546805604393
0.747000000000000	-1.23439110032754
0.748000000000000	-1.17585296887676
0.749000000000000	-1.11976689978770
0.750000000000000	-1.06604809434009
0.751000000000000	-1.01461372732178
0.752000000000000	-0.965382953488403
0.753000000000000	-0.918276910364483
0.754000000000000	-0.873218717588475
0.755000000000000	-0.830133472999919
0.756000000000000	-0.788948245662697
0.757000000000000	-0.749592066013703
0.758000000000000	-0.711995913321536
0.759000000000000	-0.676092700634848
0.760000000000000	-0.641817257394949
0.761000000000000	-0.609106309882091
0.762000000000000	-0.577898459659523
0.763000000000000	-0.548134160174105
0.764000000000000	-0.519755691666787
0.765000000000000	-0.492707134540834
0.766000000000000	-0.466934341330160
0.767000000000000	-0.442384907404624
0.768000000000000	-0.419008140543666
0.769000000000000	-0.396755029504152
0.770000000000000	-0.375578211702857
0.771000000000000	-0.355431940128610
0.772000000000000	-0.336272049593773
0.773000000000000	-0.318055922429444
0.774000000000000	-0.300742453723543
0.775000000000000	-0.284292016195862
0.776000000000000	-0.268666424799076
0.777000000000000	-0.253828901129815
0.778000000000000	-0.239744037729068
0.779000000000000	-0.226377762346459
0.780000000000000	-0.213697302238369
0.781000000000000	-0.201671148565386
0.782000000000000	-0.190269020950238
0.783000000000000	-0.179461832253123
0.784000000000000	-0.169221653617312
0.785000000000000	-0.159521679833895
0.786000000000000	-0.150336195070802
0.787000000000000	-0.141640539007477
0.788000000000000	-0.133411073413123
0.789000000000000	-0.125625149202992
0.790000000000000	-0.118261074003961
0.791000000000000	-0.111298080257490
0.792000000000000	-0.104716293885127
0.793000000000000	-0.0984967035388076
0.794000000000000	-0.0926211304555492
0.795000000000000	-0.0870721989335275
0.796000000000000	-0.0818333074440764
0.797000000000000	-0.0768886003918447
0.798000000000000	-0.0722229405331363
0.799000000000000	-0.0678218820603968
0.800000000000000	-0.0636716443588537
0.801000000000000	-0.0597590864394856
0.802000000000000	-0.0560716820507746
0.803000000000000	-0.0525974954700881
0.804000000000000	-0.0493251579740330
0.805000000000000	-0.0462438449857282
0.806000000000000	-0.0433432538956453
0.807000000000000	-0.0406135825514639
0.808000000000000	-0.0380455084112858
0.809000000000000	-0.0356301683535316
0.810000000000000	-0.0333591391359145
0.811000000000000	-0.0312244184950386
0.812000000000000	-0.0292184068773990
0.813000000000000	-0.0273338897918692
0.814000000000000	-0.0255640207731405
0.815000000000000	-0.0239023049450234
0.816000000000000	-0.0223425831720372
0.817000000000000	-0.0208790167872871
0.818000000000000	-0.0195060728842606
0.819000000000000	-0.0182185101598650
0.820000000000000	-0.0170113652957696
0.821000000000000	-0.0158799398649017
0.822000000000000	-0.0148197877497881
0.823000000000000	-0.0138267030593074
0.824000000000000	-0.0128967085303411
0.825000000000000	-0.0120260444007682
0.826000000000000	-0.0112111577402402
0.827000000000000	-0.0104486922251983
0.828000000000000	-0.00973547834464995
0.829000000000000	-0.00906852402330386
0.830000000000000	-0.00844500564877123
0.831000000000000	-0.00786225948967181
0.832000000000000	-0.00731777349163652
0.833000000000000	-0.00680917943836967
0.834000000000000	-0.00633424546512233
0.835000000000000	-0.00589086891213502
0.836000000000000	-0.00547706950582407
0.837000000000000	-0.00509098285571827
0.838000000000000	-0.00473085425539357
0.839000000000000	-0.00439503277590402
0.840000000000000	-0.00408196564046637
0.841000000000000	-0.00379019286942088
0.842000000000000	-0.00351834218476159
0.843000000000000	-0.00326512416380472
0.844000000000000	-0.00302932763184231
0.845000000000000	-0.00280981528390884
0.846000000000000	-0.00260551952607103
0.847000000000000	-0.00241543852693359
0.848000000000000	-0.00223863247033647
0.849000000000000	-0.00207422000050079
0.850000000000000	-0.00192137485116059
0.851000000000000	-0.00177932265049595
0.852000000000000	-0.00164733789395758
0.853000000000000	-0.00152474107734573
0.854000000000000	-0.00141089598277406
0.855000000000000	-0.00130520711041385
0.856000000000000	-0.00120711724917339
0.857000000000000	-0.00111610517972309
0.858000000000000	-0.00103168350352631
0.859000000000000	-0.000953396591781468
0.860000000000000	-0.000880818648419854
0.861000000000000	-0.000813551881537694
0.862000000000000	-0.000751224777868761
0.863000000000000	-0.000693490475126084
0.864000000000000	-0.000640025227257243
0.865000000000000	-0.000590526957867833
0.866000000000000	-0.000544713897271556
0.867000000000000	-0.000502323298823180
0.868000000000000	-0.000463110230382217
0.869000000000000	-0.000426846436940725
0.870000000000000	-0.000393319270628011
0.871000000000000	-0.000362330684478404
0.872000000000000	-0.000333696286515643
0.873000000000000	-0.000307244450868835
0.874000000000000	-0.000282815482790601
0.875000000000000	-0.000260260834597824
0.876000000000000	-0.000239442369699630
0.877000000000000	-0.000220231672015889
0.878000000000000	-0.000202509398222707
0.879000000000000	-0.000186164670389278
0.880000000000000	-0.000171094506693172
0.881000000000000	-0.000157203288018738
0.882000000000000	-0.000144402258356011
0.883000000000000	-0.000132609057025392
0.884000000000000	-0.000121747280856565
0.885000000000000	-0.000111746074548847
0.886000000000000	-0.000102539747534410
0.887000000000000	-9.40674157558873e-05
0.888000000000000	-8.62726668557673e-05
0.889000000000000	-7.91032473569468e-05
0.890000000000000	-7.25107704918816e-05
0.891000000000000	-6.64504434121859e-05
0.892000000000000	-6.08808125813355e-05
0.893000000000000	-5.57635262205061e-05
0.894000000000000	-5.10631127416468e-05
0.895000000000000	-4.67467741627685e-05
0.896000000000000	-4.27841935582527e-05
0.897000000000000	-3.91473556518785e-05
0.898000000000000	-3.58103797123466e-05
0.899000000000000	-3.27493639604578e-05
0.900000000000000	-2.99422407439132e-05
0.901000000000000	-2.73686417800277e-05
0.902000000000000	-2.50097728086252e-05
0.903000000000000	-2.28482970370998e-05
0.904000000000000	-2.08682267971849e-05
0.905000000000000	-1.90548228684827e-05
0.906000000000000	-1.73945009573524e-05
0.907000000000000	-1.58747448514364e-05
0.908000000000000	-1.44840258000056e-05
0.909000000000000	-1.32117276985166e-05
0.910000000000000	-1.20480776823751e-05
0.911000000000000	-1.09840817599754e-05
0.912000000000000	-1.00114651387009e-05
0.913000000000000	-9.12261691982059e-06
0.914000000000000	-8.31053885914176e-06
0.915000000000000	-7.56879790998157e-06
0.916000000000000	-6.89148228353192e-06
0.917000000000000	-6.27316077910206e-06
0.918000000000000	-5.70884515307404e-06
0.919000000000000	-5.19395531076200e-06
0.920000000000000	-4.72428711977983e-06
0.921000000000000	-4.29598265704489e-06
0.922000000000000	-3.90550271422700e-06
0.923000000000000	-3.54960139834078e-06
0.924000000000000	-3.22530267531802e-06
0.925000000000000	-2.92987871482976e-06
0.926000000000000	-2.66082990439545e-06
0.927000000000000	-2.41586640995564e-06
0.928000000000000	-2.19289116863570e-06
0.929000000000000	-1.98998420742064e-06
0.930000000000000	-1.80538818893378e-06
0.931000000000000	-1.63749509249103e-06
0.932000000000000	-1.48483394512139e-06
0.933000000000000	-1.34605952332854e-06
0.934000000000000	-1.21994195204593e-06
0.935000000000000	-1.10535713253300e-06
0.936000000000000	-1.00127793589730e-06
0.937000000000000	-9.06766103528168e-07
0.938000000000000	-8.20964800014118e-07
0.939000000000000	-7.43091768107243e-07
0.940000000000000	-6.72433039013634e-07
0.941000000000000	-6.08337154745688e-07
0.942000000000000	-5.50209862487818e-07
0.943000000000000	-4.97509243916660e-07
0.944000000000000	-4.49741245195345e-07
0.945000000000000	-4.06455575942885e-07
0.946000000000000	-3.67241947876765e-07
0.947000000000000	-3.31726626052409e-07
0.948000000000000	-2.99569267688146e-07
0.949000000000000	-2.70460025479974e-07
0.950000000000000	-2.44116894086690e-07
0.951000000000000	-2.20283280112357e-07
0.952000000000000	-1.98725777438686e-07
0.953000000000000	-1.79232131172856e-07
0.954000000000000	-1.61609374784572e-07
0.955000000000000	-1.45682126216966e-07
0.956000000000000	-1.31291029876247e-07
0.957000000000000	-1.18291332440987e-07
0.958000000000000	-1.06551581389880e-07
0.959000000000000	-9.59524360319337e-08
0.960000000000000	-8.63855816409306e-08
0.961000000000000	-7.77527380511946e-08
0.962000000000000	-6.99647547689083e-08
0.963000000000000	-6.29407852966764e-08
0.964000000000000	-5.66075339625347e-08
0.965000000000000	-5.08985690919944e-08
0.966000000000000	-4.57536968662758e-08
0.967000000000000	-4.11183906748638e-08
0.968000000000000	-3.69432711988528e-08
0.969000000000000	-3.31836328559851e-08
0.970000000000000	-2.97990126013760e-08
0.971000000000000	-2.67527974120525e-08
0.972000000000000	-2.40118670907844e-08
0.973000000000000	-2.15462693073324e-08
0.974000000000000	-1.93289240550538e-08
0.975000000000000	-1.73353549395584e-08
0.976000000000000	-1.55434449354380e-08
0.977000000000000	-1.39332144484897e-08
0.978000000000000	-1.24866197057453e-08
0.979000000000000	-1.11873696652800e-08
0.980000000000000	-1.00207597934136e-08
0.981000000000000	-8.97352119965059e-09
0.982000000000000	-8.03368375054227e-09
0.983000000000000	-7.19045190356709e-09
0.984000000000000	-6.43409211196766e-09
0.985000000000000	-5.75583075208183e-09
0.986000000000000	-5.14776161679966e-09
0.987000000000000	-4.60276210306099e-09
0.988000000000000	-4.11441729841654e-09
0.989000000000000	-3.67695124219494e-09
0.990000000000000	-3.28516470129180e-09
0.991000000000000	-2.93437885952210e-09
0.992000000000000	-2.62038437331438e-09
0.993000000000000	-2.33939529569669e-09
0.994000000000000	-2.08800741542048e-09
0.995000000000000	-1.86316059904625e-09
0.996000000000000	-1.66210476120522e-09
0.997000000000000	-1.48236912235587e-09
0.998000000000000	-1.32173444445245e-09
0.999000000000000	-1.17820796328950e-09
1	-1.05000076211770e-09
1.00100000000000	-9.35507354656736e-10
1.00200000000000	-8.33287267059174e-10
1.00300000000000	-7.42048427886220e-10
1.00400000000000	-6.60632192908832e-10
1.00500000000000	-5.87999847698027e-10
1.00600000000000	-5.23220445656730e-10
1.00700000000000	-4.65459852499502e-10
1.00800000000000	-4.13970880324063e-10
1.00900000000000	-3.68084405446219e-10
1.01000000000000	-3.27201374186464e-10
1.01100000000000	-2.90785609891507e-10
1.01200000000000	-2.58357342729805e-10
1.01300000000000	-2.29487391291496e-10
1.01400000000000	-2.03791931819003e-10
1.01500000000000	-1.80927797057190e-10
1.01600000000000	-1.60588252298843e-10
1.01700000000000	-1.42499201264448e-10
1.01800000000000	-1.26415779042380e-10
1.01900000000000	-1.12119293470258e-10
1.02000000000000	-9.94144800998125e-11
1.02100000000000	-8.81270392923549e-11
1.02200000000000	-7.81014270727094e-11
1.02300000000000	-6.91988741561663e-11
1.02400000000000	0
1.02500000000000	0
1.02600000000000	0
1.02700000000000	0
1.02800000000000	0
1.02900000000000	0
1.03000000000000	0
1.03100000000000	0
1.03200000000000	0
1.03300000000000	0
1.03400000000000	0
1.03500000000000	0
1.03600000000000	0
1.03700000000000	0
1.03800000000000	0
1.03900000000000	0
1.04000000000000	0
1.04100000000000	0
1.04200000000000	0
1.04300000000000	0
1.04400000000000	0
1.04500000000000	0
1.04600000000000	0
1.04700000000000	0
1.04800000000000	0
1.04900000000000	0
1.05000000000000	0
1.05100000000000	0
1.05200000000000	0
1.05300000000000	0
1.05400000000000	0
1.05500000000000	0
1.05600000000000	0
1.05700000000000	0
1.05800000000000	0
1.05900000000000	0
1.06000000000000	0
1.06100000000000	0
1.06200000000000	0
1.06300000000000	0
1.06400000000000	0
1.06500000000000	0
1.06600000000000	0
1.06700000000000	0
1.06800000000000	0
1.06900000000000	0
1.07000000000000	0
1.07100000000000	0
1.07200000000000	0
1.07300000000000	0
1.07400000000000	0
1.07500000000000	0
1.07600000000000	0
1.07700000000000	0
1.07800000000000	0
1.07900000000000	0
1.08000000000000	0
1.08100000000000	0
1.08200000000000	0
1.08300000000000	0
1.08400000000000	0
1.08500000000000	0
1.08600000000000	0
1.08700000000000	0
1.08800000000000	0
1.08900000000000	0
1.09000000000000	0
1.09100000000000	0
1.09200000000000	0
1.09300000000000	0
1.09400000000000	0
1.09500000000000	0
1.09600000000000	0
1.09700000000000	0
1.09800000000000	0
1.09900000000000	0
1.10000000000000	0
1.10100000000000	0
1.10200000000000	0
1.10300000000000	0
1.10400000000000	0
1.10500000000000	0
1.10600000000000	0
1.10700000000000	0
1.10800000000000	0
1.10900000000000	0
1.11000000000000	0
1.11100000000000	0
1.11200000000000	0
1.11300000000000	0
1.11400000000000	0
1.11500000000000	0
1.11600000000000	0
1.11700000000000	0
1.11800000000000	0
1.11900000000000	0
1.12000000000000	0
1.12100000000000	0
1.12200000000000	0
1.12300000000000	0
1.12400000000000	0
1.12500000000000	0
1.12600000000000	0
1.12700000000000	0
1.12800000000000	0
1.12900000000000	0
1.13000000000000	0
1.13100000000000	0
1.13200000000000	0
1.13300000000000	0
1.13400000000000	0
1.13500000000000	0
1.13600000000000	0
1.13700000000000	0
1.13800000000000	0
1.13900000000000	0
1.14000000000000	0
1.14100000000000	0
1.14200000000000	0
1.14300000000000	0
1.14400000000000	0
1.14500000000000	0
1.14600000000000	0
1.14700000000000	0
1.14800000000000	0
1.14900000000000	0
1.15000000000000	0
1.15100000000000	0
1.15200000000000	0
1.15300000000000	0
1.15400000000000	0
1.15500000000000	0
1.15600000000000	0
1.15700000000000	0
1.15800000000000	0
1.15900000000000	0
1.16000000000000	0
1.16100000000000	0
1.16200000000000	0
1.16300000000000	0
1.16400000000000	0
1.16500000000000	0
1.16600000000000	0
1.16700000000000	0
1.16800000000000	0
1.16900000000000	0
1.17000000000000	0
1.17100000000000	0
1.17200000000000	0
1.17300000000000	0
1.17400000000000	0
1.17500000000000	0
1.17600000000000	0
1.17700000000000	0
1.17800000000000	0
1.17900000000000	0
1.18000000000000	0
1.18100000000000	0
1.18200000000000	0
1.18300000000000	0
1.18400000000000	0
1.18500000000000	0
1.18600000000000	0
1.18700000000000	0
1.18800000000000	0
1.18900000000000	0
1.19000000000000	0
1.19100000000000	0
1.19200000000000	0
1.19300000000000	0
1.19400000000000	0
1.19500000000000	0
1.19600000000000	0
1.19700000000000	0
1.19800000000000	0
1.19900000000000	0
1.20000000000000	0
1.20100000000000	0
1.20200000000000	0
1.20300000000000	0
1.20400000000000	0
1.20500000000000	0
1.20600000000000	0
1.20700000000000	0
1.20800000000000	0
1.20900000000000	0
1.21000000000000	0
1.21100000000000	0
1.21200000000000	0
1.21300000000000	0
1.21400000000000	0
1.21500000000000	0
1.21600000000000	0
1.21700000000000	0
1.21800000000000	0
1.21900000000000	0
1.22000000000000	0
1.22100000000000	0
1.22200000000000	0
1.22300000000000	0
1.22400000000000	0
1.22500000000000	0
1.22600000000000	0
1.22700000000000	0
1.22800000000000	0
1.22900000000000	0
1.23000000000000	0
1.23100000000000	0
1.23200000000000	0
1.23300000000000	0
1.23400000000000	0
1.23500000000000	0
1.23600000000000	0
1.23700000000000	0
1.23800000000000	0
1.23900000000000	0
1.24000000000000	0
1.24100000000000	0
1.24200000000000	0
1.24300000000000	0
1.24400000000000	0
1.24500000000000	0
1.24600000000000	0
1.24700000000000	0
1.24800000000000	0
1.24900000000000	0
1.25000000000000	0
1.25100000000000	0
1.25200000000000	0
1.25300000000000	0
1.25400000000000	0
1.25500000000000	0
1.25600000000000	0
1.25700000000000	0
1.25800000000000	0
1.25900000000000	0
1.26000000000000	0
1.26100000000000	0
1.26200000000000	0
1.26300000000000	0
1.26400000000000	0
1.26500000000000	0
1.26600000000000	0
1.26700000000000	0
1.26800000000000	0
1.26900000000000	0
1.27000000000000	0
1.27100000000000	0
1.27200000000000	0
1.27300000000000	0
1.27400000000000	0
1.27500000000000	0
1.27600000000000	0
1.27700000000000	0
1.27800000000000	0
1.27900000000000	0
1.28000000000000	0
1.28100000000000	0
1.28200000000000	0
1.28300000000000	0
1.28400000000000	0
1.28500000000000	0
1.28600000000000	0
1.28700000000000	0
1.28800000000000	0
1.28900000000000	0
1.29000000000000	0
1.29100000000000	0
1.29200000000000	0
1.29300000000000	0
1.29400000000000	0
1.29500000000000	0
1.29600000000000	0
1.29700000000000	0
1.29800000000000	0
1.29900000000000	0
1.30000000000000	0
1.30100000000000	0
1.30200000000000	0
1.30300000000000	0
1.30400000000000	0
1.30500000000000	0
1.30600000000000	0
1.30700000000000	0
1.30800000000000	0
1.30900000000000	0
1.31000000000000	0
1.31100000000000	0
1.31200000000000	0
1.31300000000000	0
1.31400000000000	0
1.31500000000000	0
1.31600000000000	0
1.31700000000000	0
1.31800000000000	0
1.31900000000000	0
1.32000000000000	0
1.32100000000000	0
1.32200000000000	0
1.32300000000000	0
1.32400000000000	0
1.32500000000000	0
1.32600000000000	0
1.32700000000000	0
1.32800000000000	0
1.32900000000000	0
1.33000000000000	0
1.33100000000000	0
1.33200000000000	0
1.33300000000000	0
1.33400000000000	0
1.33500000000000	0
1.33600000000000	0
1.33700000000000	0
1.33800000000000	0
1.33900000000000	0
1.34000000000000	0
1.34100000000000	0
1.34200000000000	0
1.34300000000000	0
1.34400000000000	0
1.34500000000000	0
1.34600000000000	0
1.34700000000000	0
1.34800000000000	0
1.34900000000000	0
1.35000000000000	0
1.35100000000000	0
1.35200000000000	0
1.35300000000000	0
1.35400000000000	0
1.35500000000000	0
1.35600000000000	0
1.35700000000000	0
1.35800000000000	0
1.35900000000000	0
1.36000000000000	0
1.36100000000000	0
1.36200000000000	0
1.36300000000000	0
1.36400000000000	0
1.36500000000000	0
1.36600000000000	0
1.36700000000000	0
1.36800000000000	0
1.36900000000000	0
1.37000000000000	0
1.37100000000000	0
1.37200000000000	0
1.37300000000000	0
1.37400000000000	0
1.37500000000000	0
1.37600000000000	0
1.37700000000000	0
1.37800000000000	0
1.37900000000000	0
1.38000000000000	0
1.38100000000000	0
1.38200000000000	0
1.38300000000000	0
1.38400000000000	0
1.38500000000000	0
1.38600000000000	0
1.38700000000000	0
1.38800000000000	0
1.38900000000000	0
1.39000000000000	0
1.39100000000000	0
1.39200000000000	0
1.39300000000000	0
1.39400000000000	0
1.39500000000000	0
1.39600000000000	0
1.39700000000000	0
1.39800000000000	0
1.39900000000000	0
1.40000000000000	0
1.40100000000000	0
1.40200000000000	0
1.40300000000000	0
1.40400000000000	0
1.40500000000000	0
1.40600000000000	0
1.40700000000000	0
1.40800000000000	0
1.40900000000000	0
1.41000000000000	0
1.41100000000000	0
1.41200000000000	0
1.41300000000000	0
1.41400000000000	0
1.41500000000000	0
1.41600000000000	0
1.41700000000000	0
1.41800000000000	0
1.41900000000000	0
1.42000000000000	0
1.42100000000000	0
1.42200000000000	0
1.42300000000000	0
1.42400000000000	0
1.42500000000000	0
1.42600000000000	0
1.42700000000000	0
1.42800000000000	0
1.42900000000000	0
1.43000000000000	0
1.43100000000000	0
1.43200000000000	0
1.43300000000000	0
1.43400000000000	0
1.43500000000000	0
1.43600000000000	0
1.43700000000000	0
1.43800000000000	0
1.43900000000000	0
1.44000000000000	0
1.44100000000000	0
1.44200000000000	0
1.44300000000000	0
1.44400000000000	0
1.44500000000000	0
1.44600000000000	0
1.44700000000000	0
1.44800000000000	0
1.44900000000000	0
1.45000000000000	0
1.45100000000000	0
1.45200000000000	0
1.45300000000000	0
1.45400000000000	0
1.45500000000000	0
1.45600000000000	0
1.45700000000000	0
1.45800000000000	0
1.45900000000000	0
1.46000000000000	0
1.46100000000000	0
1.46200000000000	0
1.46300000000000	0
1.46400000000000	0
1.46500000000000	0
1.46600000000000	0
1.46700000000000	0
1.46800000000000	0
1.46900000000000	0
1.47000000000000	0
1.47100000000000	0
1.47200000000000	0
1.47300000000000	0
1.47400000000000	0
1.47500000000000	0
1.47600000000000	0
1.47700000000000	0
1.47800000000000	0
1.47900000000000	0
1.48000000000000	0
1.48100000000000	0
1.48200000000000	0
1.48300000000000	0
1.48400000000000	0
1.48500000000000	0
1.48600000000000	0
1.48700000000000	0
1.48800000000000	0
1.48900000000000	0
1.49000000000000	0
1.49100000000000	0
1.49200000000000	0
1.49300000000000	0
1.49400000000000	0
1.49500000000000	0
1.49600000000000	0
1.49700000000000	0
1.49800000000000	0
1.49900000000000	0
1.50000000000000	0
1.50100000000000	0
1.50200000000000	0
1.50300000000000	0
1.50400000000000	0
1.50500000000000	0
1.50600000000000	0
1.50700000000000	0
1.50800000000000	0
1.50900000000000	0
1.51000000000000	0
1.51100000000000	0
1.51200000000000	0
1.51300000000000	0
1.51400000000000	0
1.51500000000000	0
1.51600000000000	0
1.51700000000000	0
1.51800000000000	0
1.51900000000000	0
1.52000000000000	0
1.52100000000000	0
1.52200000000000	0
1.52300000000000	0
1.52400000000000	0
1.52500000000000	0
1.52600000000000	0
1.52700000000000	0
1.52800000000000	0
1.52900000000000	0
1.53000000000000	0
1.53100000000000	0
1.53200000000000	0
1.53300000000000	0
1.53400000000000	0
1.53500000000000	0
1.53600000000000	0
1.53700000000000	0
1.53800000000000	0
1.53900000000000	0
1.54000000000000	0
1.54100000000000	0
1.54200000000000	0
1.54300000000000	0
1.54400000000000	0
1.54500000000000	0
1.54600000000000	0
1.54700000000000	0
1.54800000000000	0
1.54900000000000	0
1.55000000000000	0
1.55100000000000	0
1.55200000000000	0
1.55300000000000	0
1.55400000000000	0
1.55500000000000	0
1.55600000000000	0
1.55700000000000	0
1.55800000000000	0
1.55900000000000	0
1.56000000000000	0
1.56100000000000	0
1.56200000000000	0
1.56300000000000	0
1.56400000000000	0
1.56500000000000	0
1.56600000000000	0
1.56700000000000	0
1.56800000000000	0
1.56900000000000	0
1.57000000000000	0
1.57100000000000	0
1.57200000000000	0
1.57300000000000	0
1.57400000000000	0
1.57500000000000	0
1.57600000000000	0
1.57700000000000	0
1.57800000000000	0
1.57900000000000	0
1.58000000000000	0
1.58100000000000	0
1.58200000000000	0
1.58300000000000	0
1.58400000000000	0
1.58500000000000	0
1.58600000000000	0
1.58700000000000	0
1.58800000000000	0
1.58900000000000	0
1.59000000000000	0
1.59100000000000	0
1.59200000000000	0
1.59300000000000	0
1.59400000000000	0
1.59500000000000	0
1.59600000000000	0
1.59700000000000	0
1.59800000000000	0
1.59900000000000	0
1.60000000000000	0
1.60100000000000	0
1.60200000000000	0
1.60300000000000	0
1.60400000000000	0
1.60500000000000	0
1.60600000000000	0
1.60700000000000	0
1.60800000000000	0
1.60900000000000	0
1.61000000000000	0
1.61100000000000	0
1.61200000000000	0
1.61300000000000	0
1.61400000000000	0
1.61500000000000	0
1.61600000000000	0
1.61700000000000	0
1.61800000000000	0
1.61900000000000	0
1.62000000000000	0
1.62100000000000	0
1.62200000000000	0
1.62300000000000	0
1.62400000000000	0
1.62500000000000	0
1.62600000000000	0
1.62700000000000	0
1.62800000000000	0
1.62900000000000	0
1.63000000000000	0
1.63100000000000	0
1.63200000000000	0
1.63300000000000	0
1.63400000000000	0
1.63500000000000	0
1.63600000000000	0
1.63700000000000	0
1.63800000000000	0
1.63900000000000	0
1.64000000000000	0
1.64100000000000	0
1.64200000000000	0
1.64300000000000	0
1.64400000000000	0
1.64500000000000	0
1.64600000000000	0
1.64700000000000	0
1.64800000000000	0
1.64900000000000	0
1.65000000000000	0
1.65100000000000	0
1.65200000000000	0
1.65300000000000	0
1.65400000000000	0
1.65500000000000	0
1.65600000000000	0
1.65700000000000	0
1.65800000000000	0
1.65900000000000	0
1.66000000000000	0
1.66100000000000	0
1.66200000000000	0
1.66300000000000	0
1.66400000000000	0
1.66500000000000	0
1.66600000000000	0
1.66700000000000	0
1.66800000000000	0
1.66900000000000	0
1.67000000000000	0
1.67100000000000	0
1.67200000000000	0
1.67300000000000	0
1.67400000000000	0
1.67500000000000	0
1.67600000000000	0
1.67700000000000	0
1.67800000000000	0
1.67900000000000	0
1.68000000000000	0
1.68100000000000	0
1.68200000000000	0
1.68300000000000	0
1.68400000000000	0
1.68500000000000	0
1.68600000000000	0
1.68700000000000	0
1.68800000000000	0
1.68900000000000	0
1.69000000000000	0
1.69100000000000	0
1.69200000000000	0
1.69300000000000	0
1.69400000000000	0
1.69500000000000	0
1.69600000000000	0
1.69700000000000	0
1.69800000000000	0
1.69900000000000	0
1.70000000000000	0
1.70100000000000	0
1.70200000000000	0
1.70300000000000	0
1.70400000000000	0
1.70500000000000	0
1.70600000000000	0
1.70700000000000	0
1.70800000000000	0
1.70900000000000	0
1.71000000000000	0
1.71100000000000	0
1.71200000000000	0
1.71300000000000	0
1.71400000000000	0
1.71500000000000	0
1.71600000000000	0
1.71700000000000	0
1.71800000000000	0
1.71900000000000	0
1.72000000000000	0
1.72100000000000	0
1.72200000000000	0
1.72300000000000	0
1.72400000000000	0
1.72500000000000	0
1.72600000000000	0
1.72700000000000	0
1.72800000000000	0
1.72900000000000	0
1.73000000000000	0
1.73100000000000	0
1.73200000000000	0
1.73300000000000	0
1.73400000000000	0
1.73500000000000	0
1.73600000000000	0
1.73700000000000	0
1.73800000000000	0
1.73900000000000	0
1.74000000000000	0
1.74100000000000	0
1.74200000000000	0
1.74300000000000	0
1.74400000000000	0
1.74500000000000	0
1.74600000000000	0
1.74700000000000	0
1.74800000000000	0
1.74900000000000	0
1.75000000000000	0
1.75100000000000	0
1.75200000000000	0
1.75300000000000	0
1.75400000000000	0
1.75500000000000	0
1.75600000000000	0
1.75700000000000	0
1.75800000000000	0
1.75900000000000	0
1.76000000000000	0
1.76100000000000	0
1.76200000000000	0
1.76300000000000	0
1.76400000000000	0
1.76500000000000	0
1.76600000000000	0
1.76700000000000	0
1.76800000000000	0
1.76900000000000	0
1.77000000000000	0
1.77100000000000	0
1.77200000000000	0
1.77300000000000	0
1.77400000000000	0
1.77500000000000	0
1.77600000000000	0
1.77700000000000	0
1.77800000000000	0
1.77900000000000	0
1.78000000000000	0
1.78100000000000	0
1.78200000000000	0
1.78300000000000	0
1.78400000000000	0
1.78500000000000	0
1.78600000000000	0
1.78700000000000	0
1.78800000000000	0
1.78900000000000	0
1.79000000000000	0
1.79100000000000	0
1.79200000000000	0
1.79300000000000	0
1.79400000000000	0
1.79500000000000	0
1.79600000000000	0
1.79700000000000	0
1.79800000000000	0
1.79900000000000	0
1.80000000000000	0
1.80100000000000	0
1.80200000000000	0
1.80300000000000	0
1.80400000000000	0
1.80500000000000	0
1.80600000000000	0
1.80700000000000	0
1.80800000000000	0
1.80900000000000	0
1.81000000000000	0
1.81100000000000	0
1.81200000000000	0
1.81300000000000	0
1.81400000000000	0
1.81500000000000	0
1.81600000000000	0
1.81700000000000	0
1.81800000000000	0
1.81900000000000	0
1.82000000000000	0
1.82100000000000	0
1.82200000000000	0
1.82300000000000	0
1.82400000000000	0
1.82500000000000	0
1.82600000000000	0
1.82700000000000	0
1.82800000000000	0
1.82900000000000	0
1.83000000000000	0
1.83100000000000	0
1.83200000000000	0
1.83300000000000	0
1.83400000000000	0
1.83500000000000	0
1.83600000000000	0
1.83700000000000	0
1.83800000000000	0
1.83900000000000	0
1.84000000000000	0
1.84100000000000	0
1.84200000000000	0
1.84300000000000	0
1.84400000000000	0
1.84500000000000	0
1.84600000000000	0
1.84700000000000	0
1.84800000000000	0
1.84900000000000	0
1.85000000000000	0
1.85100000000000	0
1.85200000000000	0
1.85300000000000	0
1.85400000000000	0
1.85500000000000	0
1.85600000000000	0
1.85700000000000	0
1.85800000000000	0
1.85900000000000	0
1.86000000000000	0
1.86100000000000	0
1.86200000000000	0
1.86300000000000	0
1.86400000000000	0
1.86500000000000	0
1.86600000000000	0
1.86700000000000	0
1.86800000000000	0
1.86900000000000	0
1.87000000000000	0
1.87100000000000	0
1.87200000000000	0
1.87300000000000	0
1.87400000000000	0
1.87500000000000	0
1.87600000000000	0
1.87700000000000	0
1.87800000000000	0
1.87900000000000	0
1.88000000000000	0
1.88100000000000	0
1.88200000000000	0
1.88300000000000	0
1.88400000000000	0
1.88500000000000	0
1.88600000000000	0
1.88700000000000	0
1.88800000000000	0
1.88900000000000	0
1.89000000000000	0
1.89100000000000	0
1.89200000000000	0
1.89300000000000	0
1.89400000000000	0
1.89500000000000	0
1.89600000000000	0
1.89700000000000	0
1.89800000000000	0
1.89900000000000	0
1.90000000000000	0
1.90100000000000	0
1.90200000000000	0
1.90300000000000	0
1.90400000000000	0
1.90500000000000	0
1.90600000000000	0
1.90700000000000	0
1.90800000000000	0
1.90900000000000	0
1.91000000000000	0
1.91100000000000	0
1.91200000000000	0
1.91300000000000	0
1.91400000000000	0
1.91500000000000	0
1.91600000000000	0
1.91700000000000	0
1.91800000000000	0
1.91900000000000	0
1.92000000000000	0
1.92100000000000	0
1.92200000000000	0
1.92300000000000	0
1.92400000000000	0
1.92500000000000	0
1.92600000000000	0
1.92700000000000	0
1.92800000000000	0
1.92900000000000	0
1.93000000000000	0
1.93100000000000	0
1.93200000000000	0
1.93300000000000	0
1.93400000000000	0
1.93500000000000	0
1.93600000000000	0
1.93700000000000	0
1.93800000000000	0
1.93900000000000	0
1.94000000000000	0
1.94100000000000	0
1.94200000000000	0
1.94300000000000	0
1.94400000000000	0
1.94500000000000	0
1.94600000000000	0
1.94700000000000	0
1.94800000000000	0
1.94900000000000	0
1.95000000000000	0
1.95100000000000	0
1.95200000000000	0
1.95300000000000	0
1.95400000000000	0
1.95500000000000	0
1.95600000000000	0
1.95700000000000	0
1.95800000000000	0
1.95900000000000	0
1.96000000000000	0
1.96100000000000	0
1.96200000000000	0
1.96300000000000	0
1.96400000000000	0
1.96500000000000	0
1.96600000000000	0
1.96700000000000	0
1.96800000000000	0
1.96900000000000	0
1.97000000000000	0
1.97100000000000	0
1.97200000000000	0
1.97300000000000	0
1.97400000000000	0
1.97500000000000	0
1.97600000000000	0
1.97700000000000	0
1.97800000000000	0
1.97900000000000	0
1.98000000000000	0
1.98100000000000	0
1.98200000000000	0
1.98300000000000	0
1.98400000000000	0
1.98500000000000	0
1.98600000000000	0
1.98700000000000	0
1.98800000000000	0
1.98900000000000	0
1.99000000000000	0
1.99100000000000	0
1.99200000000000	0
1.99300000000000	0
1.99400000000000	0
1.99500000000000	0
1.99600000000000	0
1.99700000000000	0
1.99800000000000	0
1.99900000000000	0
