0	0
0.0200000000000000	0
0.0400000000000000	0
0.0600000000000000	0
0.0800000000000000	0
0.100000000000000	0
0.120000000000000	0
0.140000000000000	0
0.160000000000000	0
0.180000000000000	0
0.200000000000000	0
0.220000000000000	0
0.240000000000000	0
0.260000000000000	0
0.280000000000000	0
0.300000000000000	0
0.320000000000000	0
0.340000000000000	0
0.360000000000000	0
0.380000000000000	0
0.400000000000000	0
0.420000000000000	0
0.440000000000000	0
0.460000000000000	0
0.480000000000000	0
0.500000000000000	0
0.520000000000000	0
0.540000000000000	0
0.560000000000000	0
0.580000000000000	0
0.600000000000000	0
0.620000000000000	0
0.640000000000000	0
0.660000000000000	0
0.680000000000000	0
0.700000000000000	0
0.720000000000000	0
0.740000000000000	0
0.760000000000000	0
0.780000000000000	0
0.800000000000000	0
0.820000000000000	0
0.840000000000000	0
0.860000000000000	0
0.880000000000000	0
0.900000000000000	0
0.920000000000000	0
0.940000000000000	0
0.960000000000000	0
0.980000000000000	0
1	-20.5410000000000
1.02000000000000	-10.1980000000000
1.04000000000000	12.4800000000000
1.06000000000000	0.831000000000000
1.08000000000000	-11.3850000000000
1.10000000000000	2.34800000000000
1.12000000000000	0.772000000000000
1.14000000000000	-2.57500000000000
1.16000000000000	-2.71500000000000
1.18000000000000	-1.43500000000000
1.20000000000000	-3.40400000000000
1.22000000000000	-9.30600000000000
1.24000000000000	10.7110000000000
1.26000000000000	0.109000000000000
1.28000000000000	-8.97700000000000
1.30000000000000	-0.495000000000000
1.32000000000000	10.0540000000000
1.34000000000000	-6.53700000000000
1.36000000000000	-10.1670000000000
1.38000000000000	2.48600000000000
1.40000000000000	4.44200000000000
1.42000000000000	3.55400000000000
1.44000000000000	0.283000000000000
1.46000000000000	1.66600000000000
1.48000000000000	-7.94800000000000
1.50000000000000	10.2100000000000
1.52000000000000	21.7020000000000
1.54000000000000	14.1080000000000
1.56000000000000	-10.0630000000000
1.58000000000000	-23.4590000000000
1.60000000000000	-6.73900000000000
1.62000000000000	4.02500000000000
1.64000000000000	16.8530000000000
1.66000000000000	11.6040000000000
1.68000000000000	-12.7440000000000
1.70000000000000	-4.64200000000000
1.72000000000000	7.07400000000000
1.74000000000000	6.68300000000000
1.76000000000000	-5.42600000000000
1.78000000000000	-3.59800000000000
1.80000000000000	3.89600000000000
1.82000000000000	-17.7550000000000
1.84000000000000	-33.4250000000000
1.86000000000000	-6.76400000000000
1.88000000000000	5.20600000000000
1.90000000000000	-0.322000000000000
1.92000000000000	3.64400000000000
1.94000000000000	-0.816000000000000
1.96000000000000	-13.9960000000000
1.98000000000000	6.22400000000000
2	16.6270000000000
2.02000000000000	-17.0720000000000
2.04000000000000	-4.12400000000000
2.06000000000000	22.9650000000000
2.08000000000000	-23.2560000000000
2.10000000000000	-33.0350000000000
2.12000000000000	36.7940000000000
2.14000000000000	16.3070000000000
2.16000000000000	-7.97900000000000
2.18000000000000	-34.7290000000000
2.20000000000000	18.1420000000000
2.22000000000000	43.1630000000000
2.24000000000000	3.44300000000000
2.26000000000000	-1.36700000000000
2.28000000000000	-24.9440000000000
2.30000000000000	48.6680000000000
2.32000000000000	55.7590000000000
2.34000000000000	57.1890000000000
2.36000000000000	-77.7970000000000
2.38000000000000	-40.8330000000000
2.40000000000000	48.4520000000000
2.42000000000000	12.7970000000000
2.44000000000000	-42.7170000000000
2.46000000000000	-46.5900000000000
2.48000000000000	-16.0110000000000
2.50000000000000	-24.8420000000000
2.52000000000000	50.7690000000000
2.54000000000000	28.5900000000000
2.56000000000000	54.5680000000000
2.58000000000000	-25.4170000000000
2.60000000000000	0.388000000000000
2.62000000000000	54.9800000000000
2.64000000000000	-11.4040000000000
2.66000000000000	0.974000000000000
2.68000000000000	-19.5140000000000
2.70000000000000	41.0630000000000
2.72000000000000	-75.9810000000000
2.74000000000000	-81.8110000000000
2.76000000000000	13.2490000000000
2.78000000000000	-3.67100000000000
2.80000000000000	13.3270000000000
2.82000000000000	51.1870000000000
2.84000000000000	52.6210000000000
2.86000000000000	-93.8390000000000
2.88000000000000	21.7890000000000
2.90000000000000	76.1910000000000
2.92000000000000	-24.5990000000000
2.94000000000000	-39.9870000000000
2.96000000000000	-56.7090000000000
2.98000000000000	49.3690000000000
3	-6.04700000000000
3.02000000000000	-52.8910000000000
3.04000000000000	-58.0950000000000
3.06000000000000	-17.2340000000000
3.08000000000000	18.5360000000000
3.10000000000000	32.0700000000000
3.12000000000000	-45.9380000000000
3.14000000000000	-98.4180000000000
3.16000000000000	52.9760000000000
3.18000000000000	79.1710000000000
3.20000000000000	10.5510000000000
3.22000000000000	-72.8720000000000
3.24000000000000	26.4410000000000
3.26000000000000	20.9500000000000
3.28000000000000	-42.0040000000000
3.30000000000000	-46.1960000000000
3.32000000000000	-6.16500000000000
3.34000000000000	-6.40500000000000
3.36000000000000	-15.5010000000000
3.38000000000000	2.65500000000000
3.40000000000000	10.6150000000000
3.42000000000000	-20.6360000000000
3.44000000000000	40.8070000000000
3.46000000000000	2.65200000000000
3.48000000000000	25.5420000000000
3.50000000000000	44.6190000000000
3.52000000000000	21.2570000000000
3.54000000000000	27.5350000000000
3.56000000000000	2.07300000000000
3.58000000000000	-32.2750000000000
3.60000000000000	-85.8200000000000
3.62000000000000	19.9150000000000
3.64000000000000	-41.0810000000000
3.66000000000000	18.3960000000000
3.68000000000000	-34.0520000000000
3.70000000000000	-53.9090000000000
3.72000000000000	70.9040000000000
3.74000000000000	137.990000000000
3.76000000000000	141.025000000000
3.78000000000000	79.3660000000000
3.80000000000000	131.877000000000
3.82000000000000	155.654000000000
3.84000000000000	106.562000000000
3.86000000000000	88.8430000000000
3.88000000000000	133.118000000000
3.90000000000000	115.534000000000
3.92000000000000	90.7530000000000
3.94000000000000	31.4310000000000
3.96000000000000	-47.9250000000000
3.98000000000000	15.9260000000000
4	-8.03100000000000
4.02000000000000	34.7840000000000
4.04000000000000	78.0890000000000
4.06000000000000	59.9490000000000
4.08000000000000	81.3440000000000
4.10000000000000	84.8120000000000
4.12000000000000	57.4550000000000
4.14000000000000	6.82700000000000
4.16000000000000	-16.7730000000000
4.18000000000000	-54.3460000000000
4.20000000000000	-93.9160000000000
4.22000000000000	-188.135000000000
4.24000000000000	-227.978000000000
4.26000000000000	-240.584000000000
4.28000000000000	-211.807000000000
4.30000000000000	-164.723000000000
4.32000000000000	-153.968000000000
4.34000000000000	-34.7980000000000
4.36000000000000	275.312000000000
4.38000000000000	287.192000000000
4.40000000000000	66.5310000000000
4.42000000000000	-97.3520000000000
4.44000000000000	-115.698000000000
4.46000000000000	-172.590000000000
4.48000000000000	-62.8000000000000
4.50000000000000	125.706000000000
4.52000000000000	106.079000000000
4.54000000000000	138.811000000000
4.56000000000000	36.9360000000000
4.58000000000000	-109.272000000000
4.60000000000000	-142.593000000000
4.62000000000000	-197.691000000000
4.64000000000000	-230.107000000000
4.66000000000000	-261.659000000000
4.68000000000000	-273.847000000000
4.70000000000000	-243.308000000000
4.72000000000000	-283.523000000000
4.74000000000000	-319.740000000000
4.76000000000000	-218.955000000000
4.78000000000000	59.7770000000000
4.80000000000000	159.960000000000
4.82000000000000	150.813000000000
4.84000000000000	212.954000000000
4.86000000000000	256.287000000000
4.88000000000000	309.911000000000
4.90000000000000	403.904000000000
4.92000000000000	433.616000000000
4.94000000000000	364.528000000000
4.96000000000000	251.066000000000
4.98000000000000	87.9330000000000
5	-3.16100000000000
5.02000000000000	-71.7310000000000
5.04000000000000	-139.369000000000
5.06000000000000	-250.686000000000
5.08000000000000	-334.727000000000
5.10000000000000	-343.401000000000
5.12000000000000	-369.770000000000
5.14000000000000	-410.389000000000
5.16000000000000	-393.075000000000
5.18000000000000	-310.066000000000
5.20000000000000	140.415000000000
5.22000000000000	426.023000000000
5.24000000000000	351.683000000000
5.26000000000000	410.435000000000
5.28000000000000	431.475000000000
5.30000000000000	409.552000000000
5.32000000000000	348.095000000000
5.34000000000000	248.902000000000
5.36000000000000	24.8900000000000
5.38000000000000	-58.2490000000000
5.40000000000000	-54.4190000000000
5.42000000000000	-118.029000000000
5.44000000000000	-199.094000000000
5.46000000000000	-272.473000000000
5.48000000000000	-307.798000000000
5.50000000000000	-214.954000000000
5.52000000000000	-129.300000000000
5.54000000000000	-92.9910000000000
5.56000000000000	-13.6710000000000
5.58000000000000	43.2410000000000
5.60000000000000	16.9210000000000
5.62000000000000	-12.8870000000000
5.64000000000000	86.1830000000000
5.66000000000000	210.787000000000
5.68000000000000	164.100000000000
5.70000000000000	47.7080000000000
5.72000000000000	4.48300000000000
5.74000000000000	-52.2980000000000
5.76000000000000	-47.4820000000000
5.78000000000000	-107.504000000000
5.80000000000000	-139.832000000000
5.82000000000000	-147.419000000000
5.84000000000000	-17.8470000000000
5.86000000000000	90.9460000000000
5.88000000000000	-102.722000000000
5.90000000000000	-55.5820000000000
5.92000000000000	15.5320000000000
5.94000000000000	-38.6710000000000
5.96000000000000	-77.1040000000000
5.98000000000000	-128.505000000000
6	-143.727000000000
6.02000000000000	-124.578000000000
6.04000000000000	-61.8560000000000
6.06000000000000	72.1860000000000
6.08000000000000	206.442000000000
6.10000000000000	134.976000000000
6.12000000000000	77.1150000000000
6.14000000000000	56.4060000000000
6.16000000000000	14.9840000000000
6.18000000000000	-70.1750000000000
6.20000000000000	-82.2940000000000
6.22000000000000	4.96200000000000
6.24000000000000	-39.6390000000000
6.26000000000000	-105.335000000000
6.28000000000000	21.5190000000000
6.30000000000000	150.563000000000
6.32000000000000	64.9310000000000
6.34000000000000	-18.7000000000000
6.36000000000000	1.32600000000000
6.38000000000000	45.6180000000000
6.40000000000000	128.889000000000
6.42000000000000	128.166000000000
6.44000000000000	86.4950000000000
6.46000000000000	43.6280000000000
6.48000000000000	-10.4790000000000
6.50000000000000	23.6780000000000
6.52000000000000	-4.13000000000000
6.54000000000000	-70.4400000000000
6.56000000000000	-42.3210000000000
6.58000000000000	-56.3440000000000
6.60000000000000	-105.874000000000
6.62000000000000	-29.1170000000000
6.64000000000000	29.3940000000000
6.66000000000000	34.2390000000000
6.68000000000000	68.3070000000000
6.70000000000000	71.1080000000000
6.72000000000000	49.6340000000000
6.74000000000000	64.3430000000000
6.76000000000000	79.0950000000000
6.78000000000000	73.3030000000000
6.80000000000000	72.1880000000000
6.82000000000000	47.7660000000000
6.84000000000000	-28.8660000000000
6.86000000000000	-85.2960000000000
6.88000000000000	-90.3990000000000
6.90000000000000	-29.2970000000000
6.92000000000000	3.37200000000000
6.94000000000000	8.36400000000000
6.96000000000000	24.3430000000000
6.98000000000000	8.30900000000000
7	9.64200000000000
7.02000000000000	17.8440000000000
7.04000000000000	58.3820000000000
7.06000000000000	41.2440000000000
7.08000000000000	-12.4530000000000
7.10000000000000	-28.7960000000000
7.12000000000000	-2.38200000000000
7.14000000000000	19.7390000000000
7.16000000000000	-24.9860000000000
7.18000000000000	-34.5910000000000
7.20000000000000	0.120000000000000
7.22000000000000	-21.9210000000000
7.24000000000000	-53.0770000000000
7.26000000000000	-25.2840000000000
7.28000000000000	-26.6140000000000
7.30000000000000	-43.3650000000000
7.32000000000000	-54.1900000000000
7.34000000000000	-77.8040000000000
7.36000000000000	-55.7510000000000
7.38000000000000	-41.9950000000000
7.40000000000000	-58.1180000000000
7.42000000000000	-16.5730000000000
7.44000000000000	5.81500000000000
7.46000000000000	2.44700000000000
7.48000000000000	37.3890000000000
7.50000000000000	91.4770000000000
7.52000000000000	109.727000000000
7.54000000000000	103.370000000000
7.56000000000000	53.0910000000000
7.58000000000000	16.7880000000000
7.60000000000000	25.1040000000000
7.62000000000000	1.60700000000000
7.64000000000000	-7.13700000000000
7.66000000000000	-3.07100000000000
7.68000000000000	-9.61800000000000
7.70000000000000	-2.10700000000000
7.72000000000000	-3.01700000000000
7.74000000000000	-2.72700000000000
7.76000000000000	-9.31600000000000
7.78000000000000	-7.82400000000000
7.80000000000000	10.4650000000000
7.82000000000000	33.2450000000000
7.84000000000000	29.1470000000000
7.86000000000000	33.1490000000000
7.88000000000000	57.8020000000000
7.90000000000000	21.4000000000000
7.92000000000000	-21.0400000000000
7.94000000000000	-25.9810000000000
7.96000000000000	-21.5350000000000
7.98000000000000	-45.2030000000000
8	-65.8030000000000
8.02000000000000	-50.5550000000000
8.04000000000000	-24.9070000000000
8.06000000000000	-34.3270000000000
8.08000000000000	-49.2150000000000
8.10000000000000	-32.2090000000000
8.12000000000000	-16.0010000000000
8.14000000000000	-17.5950000000000
8.16000000000000	-8.77400000000000
8.18000000000000	-4.62900000000000
8.20000000000000	-5.50000000000000
8.22000000000000	5.64000000000000
8.24000000000000	32.0460000000000
8.26000000000000	49.1800000000000
8.28000000000000	68.9590000000000
8.30000000000000	63.8240000000000
8.32000000000000	39.8680000000000
8.34000000000000	-6.85200000000000
8.36000000000000	-48.8210000000000
8.38000000000000	14.3550000000000
8.40000000000000	0.301000000000000
8.42000000000000	-60.2160000000000
8.44000000000000	-51.4050000000000
8.46000000000000	-40.6340000000000
8.48000000000000	-33.0990000000000
8.50000000000000	-33.1090000000000
8.52000000000000	-52.7700000000000
8.54000000000000	6.24900000000000
8.56000000000000	52.6810000000000
8.58000000000000	38.1050000000000
8.60000000000000	45.3740000000000
8.62000000000000	43.5060000000000
8.64000000000000	30.9790000000000
8.66000000000000	-5.59700000000000
8.68000000000000	-32.1800000000000
8.70000000000000	-12.1700000000000
8.72000000000000	16.1980000000000
8.74000000000000	-23.9230000000000
8.76000000000000	-46.5880000000000
8.78000000000000	-12.7310000000000
8.80000000000000	-3.91800000000000
8.82000000000000	-39.5220000000000
8.84000000000000	-54.7200000000000
8.86000000000000	-74.0120000000000
8.88000000000000	-98.1240000000000
8.90000000000000	-24.5670000000000
8.92000000000000	21.3410000000000
8.94000000000000	22.9340000000000
8.96000000000000	29.9200000000000
8.98000000000000	24.0800000000000
9	48.4160000000000
9.02000000000000	91.8200000000000
9.04000000000000	96.9650000000000
9.06000000000000	12.6440000000000
9.08000000000000	-23.6300000000000
9.10000000000000	-24.9510000000000
9.12000000000000	-45.8680000000000
9.14000000000000	-43.9630000000000
9.16000000000000	-35.0060000000000
9.18000000000000	-22.3330000000000
9.20000000000000	-31.0430000000000
9.22000000000000	19.1120000000000
9.24000000000000	37.1770000000000
9.26000000000000	-8.10900000000000
9.28000000000000	-6.95000000000000
9.30000000000000	29.7160000000000
9.32000000000000	54.9770000000000
9.34000000000000	34.7510000000000
9.36000000000000	14.8030000000000
9.38000000000000	10.7250000000000
9.40000000000000	4.07500000000000
9.42000000000000	5.98800000000000
9.44000000000000	-12.5840000000000
9.46000000000000	-23.7280000000000
9.48000000000000	9.18100000000000
9.50000000000000	35.9740000000000
9.52000000000000	12.0300000000000
9.54000000000000	-5.59600000000000
9.56000000000000	-15.6460000000000
9.58000000000000	-6.31900000000000
9.60000000000000	36.3110000000000
9.62000000000000	4.12300000000000
9.64000000000000	1.66200000000000
9.66000000000000	23.9340000000000
9.68000000000000	8.91700000000000
9.70000000000000	17.4770000000000
9.72000000000000	14.6760000000000
9.74000000000000	16.7030000000000
9.76000000000000	53.3660000000000
9.78000000000000	26.0470000000000
9.80000000000000	-27.8720000000000
9.82000000000000	-41.6170000000000
9.84000000000000	-19.3250000000000
9.86000000000000	23.1920000000000
9.88000000000000	20.7280000000000
9.90000000000000	11.8700000000000
9.92000000000000	6.13600000000000
9.94000000000000	24.7050000000000
9.96000000000000	27.5080000000000
9.98000000000000	28.8720000000000
10	18.8090000000000
10.0200000000000	-3.67500000000000
10.0400000000000	-7.66200000000000
10.0600000000000	-6.35800000000000
10.0800000000000	-19.2330000000000
10.1000000000000	-0.609000000000000
10.1200000000000	31.9170000000000
10.1400000000000	20.2070000000000
10.1600000000000	-10.4410000000000
10.1800000000000	-40.3510000000000
10.2000000000000	-30.9150000000000
10.2200000000000	-21.8520000000000
10.2400000000000	-4.22500000000000
10.2600000000000	-2.11400000000000
10.2800000000000	-10.4620000000000
10.3000000000000	8.45200000000000
10.3200000000000	35.6210000000000
10.3400000000000	27.9000000000000
10.3600000000000	-13.4590000000000
10.3800000000000	-33.7360000000000
10.4000000000000	-29.0550000000000
10.4200000000000	-13.4660000000000
10.4400000000000	-5.67900000000000
10.4600000000000	-8.54000000000000
10.4800000000000	3.45300000000000
10.5000000000000	8.94700000000000
10.5200000000000	-5.89900000000000
10.5400000000000	-3.86500000000000
10.5600000000000	2.60500000000000
10.5800000000000	5.43500000000000
10.6000000000000	-0.788000000000000
10.6200000000000	-18.0260000000000
10.6400000000000	-39.0520000000000
10.6600000000000	-39.2660000000000
10.6800000000000	-15.3230000000000
10.7000000000000	-5.79800000000000
10.7200000000000	-6.95200000000000
10.7400000000000	-11.6840000000000
10.7600000000000	-15.4410000000000
10.7800000000000	-4.09000000000000
10.8000000000000	-1.84500000000000
10.8200000000000	-10.9170000000000
10.8400000000000	29.7910000000000
10.8600000000000	67.7420000000000
10.8800000000000	37.9690000000000
10.9000000000000	17.2020000000000
10.9200000000000	-3.95600000000000
10.9400000000000	-2.11000000000000
10.9600000000000	2.58800000000000
10.9800000000000	-20.1250000000000
11	-28.8870000000000
11.0200000000000	-25.4220000000000
11.0400000000000	-1.01000000000000
11.0600000000000	13.6900000000000
11.0800000000000	24.3210000000000
11.1000000000000	24.6480000000000
11.1200000000000	5.31800000000000
11.1400000000000	-1.39700000000000
11.1600000000000	16.3620000000000
11.1800000000000	17.8270000000000
11.2000000000000	-19.6400000000000
11.2200000000000	-28.0240000000000
11.2400000000000	-12.4400000000000
11.2600000000000	-9.74900000000000
11.2800000000000	-5.51400000000000
11.3000000000000	0.731000000000000
11.3200000000000	5.47300000000000
11.3400000000000	15.0990000000000
11.3600000000000	3.78600000000000
11.3800000000000	3.78200000000000
11.4000000000000	5.45100000000000
11.4200000000000	0.330000000000000
11.4400000000000	34.3630000000000
11.4600000000000	32.0430000000000
11.4800000000000	11.9740000000000
11.5000000000000	23.9980000000000
11.5200000000000	24.8520000000000
11.5400000000000	-1.14800000000000
11.5600000000000	-24.2050000000000
11.5800000000000	-15.6050000000000
11.6000000000000	-10.3420000000000
11.6200000000000	-4.07600000000000
11.6400000000000	2.02800000000000
11.6600000000000	11.9550000000000
11.6800000000000	5.41000000000000
11.7000000000000	-18.1390000000000
11.7200000000000	-37.8840000000000
11.7400000000000	-48.0840000000000
11.7600000000000	-42.0950000000000
11.7800000000000	-33.0280000000000
11.8000000000000	-17.1390000000000
11.8200000000000	8.79600000000000
11.8400000000000	26.3440000000000
11.8600000000000	18.7840000000000
11.8800000000000	17.5980000000000
11.9000000000000	-12.8750000000000
11.9200000000000	-14.0900000000000
11.9400000000000	9.14000000000000
11.9600000000000	-5.38700000000000
11.9800000000000	-27.2640000000000
12	-51.9280000000000
12.0200000000000	-21.3710000000000
12.0400000000000	9.79100000000000
12.0600000000000	2.27000000000000
12.0800000000000	2.69300000000000
12.1000000000000	17.6730000000000
12.1200000000000	-2.67700000000000
12.1400000000000	-19.9200000000000
12.1600000000000	-16.7370000000000
12.1800000000000	-6.97700000000000
12.2000000000000	2.80800000000000
12.2200000000000	-5.55000000000000
12.2400000000000	15.1760000000000
12.2600000000000	21.0510000000000
12.2800000000000	16.8370000000000
12.3000000000000	7.95900000000000
12.3200000000000	18.9100000000000
12.3400000000000	24.2630000000000
12.3600000000000	9.56900000000000
12.3800000000000	14.5540000000000
12.4000000000000	-2.66800000000000
12.4200000000000	-3.01800000000000
12.4400000000000	19.0010000000000
12.4600000000000	15.8310000000000
12.4800000000000	6.98500000000000
12.5000000000000	-2.48000000000000
12.5200000000000	9.46400000000000
12.5400000000000	14.8710000000000
12.5600000000000	-11.0170000000000
12.5800000000000	-10.1200000000000
12.6000000000000	-8.18600000000000
12.6200000000000	-11.9450000000000
12.6400000000000	0.690000000000000
12.6600000000000	-0.00200000000000000
12.6800000000000	5.27200000000000
12.7000000000000	13.2380000000000
12.7200000000000	8.63800000000000
12.7400000000000	21.2310000000000
12.7600000000000	33.5120000000000
12.7800000000000	31.4840000000000
12.8000000000000	13.5950000000000
12.8200000000000	-4.46300000000000
12.8400000000000	-15.4020000000000
12.8600000000000	-12.3610000000000
12.8800000000000	-5.90500000000000
12.9000000000000	-13.5290000000000
12.9200000000000	-11.3030000000000
12.9400000000000	-31.0020000000000
12.9600000000000	-37.0460000000000
12.9800000000000	1.88100000000000
13	12.0770000000000
13.0200000000000	-2.94700000000000
13.0400000000000	-3.86800000000000
13.0600000000000	24.5310000000000
13.0800000000000	9.76300000000000
13.1000000000000	-8.47300000000000
13.1200000000000	7.14100000000000
13.1400000000000	9.41700000000000
13.1600000000000	12.6610000000000
13.1800000000000	11.4680000000000
13.2000000000000	11.6970000000000
13.2200000000000	4.56300000000000
13.2400000000000	11.6550000000000
13.2600000000000	15.2260000000000
13.2800000000000	-18.8670000000000
13.3000000000000	-15.6500000000000
13.3200000000000	10.3700000000000
13.3400000000000	-17.2980000000000
13.3600000000000	-29.3830000000000
13.3800000000000	-18.0910000000000
13.4000000000000	-1.33000000000000
13.4200000000000	3.37100000000000
13.4400000000000	-7.68700000000000
13.4600000000000	-1.61700000000000
13.4800000000000	6.54200000000000
13.5000000000000	8.72600000000000
13.5200000000000	-9.36200000000000
13.5400000000000	-14.6790000000000
13.5600000000000	7.03700000000000
13.5800000000000	15.7160000000000
13.6000000000000	-0.862000000000000
13.6200000000000	-3.15900000000000
13.6400000000000	11.5460000000000
13.6600000000000	10.2500000000000
13.6800000000000	13.0150000000000
13.7000000000000	15.9770000000000
13.7200000000000	13.7050000000000
13.7400000000000	9.18000000000000
13.7600000000000	6.11000000000000
13.7800000000000	-1.27600000000000
13.8000000000000	5.95700000000000
13.8200000000000	-0.0370000000000000
13.8400000000000	-26.7310000000000
13.8600000000000	-16.5190000000000
13.8800000000000	-12.4330000000000
13.9000000000000	-20.9490000000000
13.9200000000000	-12.4620000000000
13.9400000000000	8.31000000000000
13.9600000000000	0.474000000000000
13.9800000000000	-1.07800000000000
14	1.64000000000000
14.0200000000000	-5.21800000000000
14.0400000000000	-5.95200000000000
14.0600000000000	-20.9510000000000
14.0800000000000	-29.0190000000000
14.1000000000000	-0.278000000000000
14.1200000000000	14.9070000000000
14.1400000000000	-10.4780000000000
14.1600000000000	-31.1860000000000
14.1800000000000	-10.3790000000000
14.2000000000000	8.42600000000000
14.2200000000000	-4.57900000000000
14.2400000000000	-14.8180000000000
14.2600000000000	2.10200000000000
14.2800000000000	16.4590000000000
14.3000000000000	-24.3720000000000
14.3200000000000	-28.7230000000000
14.3400000000000	2.10900000000000
14.3600000000000	-7.29900000000000
14.3800000000000	-11.4960000000000
14.4000000000000	-9.92600000000000
14.4200000000000	-9.45300000000000
14.4400000000000	18.5150000000000
14.4600000000000	16.1220000000000
14.4800000000000	6.41700000000000
14.5000000000000	9.93500000000000
14.5200000000000	8.30600000000000
14.5400000000000	-1.71600000000000
14.5600000000000	-9.81600000000000
14.5800000000000	6.32300000000000
14.6000000000000	-0.570000000000000
14.6200000000000	-7.53400000000000
14.6400000000000	12.4800000000000
14.6600000000000	18.7100000000000
14.6800000000000	1.73000000000000
14.7000000000000	-8.88100000000000
14.7200000000000	-19.9980000000000
14.7400000000000	-27.8480000000000
14.7600000000000	-17.8950000000000
14.7800000000000	-8.65700000000000
14.8000000000000	2.11900000000000
14.8200000000000	-2.99700000000000
14.8400000000000	-3.24300000000000
14.8600000000000	1.08100000000000
14.8800000000000	7.13100000000000
14.9000000000000	13.2040000000000
14.9200000000000	17.0330000000000
14.9400000000000	17.1230000000000
14.9600000000000	9.68900000000000
14.9800000000000	4.68200000000000
15	10.1810000000000
15.0200000000000	21.8900000000000
15.0400000000000	28.9860000000000
15.0600000000000	25.3950000000000
15.0800000000000	11.9440000000000
15.1000000000000	-7.88400000000000
15.1200000000000	-13.9980000000000
15.1400000000000	-2.68500000000000
15.1600000000000	0.757000000000000
15.1800000000000	-7.45400000000000
15.2000000000000	-12.0590000000000
15.2200000000000	-15.6600000000000
15.2400000000000	-19.1710000000000
15.2600000000000	-8.85200000000000
15.2800000000000	2.54100000000000
15.3000000000000	14.1110000000000
15.3200000000000	21.4330000000000
15.3400000000000	22.4550000000000
15.3600000000000	17.3940000000000
15.3800000000000	17.9120000000000
15.4000000000000	12.8630000000000
15.4200000000000	-8.90000000000000
15.4400000000000	-12.8290000000000
15.4600000000000	9.65200000000000
15.4800000000000	10.1000000000000
15.5000000000000	-6.71300000000000
15.5200000000000	-25.3050000000000
15.5400000000000	-28.1760000000000
15.5600000000000	-6.54500000000000
15.5800000000000	-2.00300000000000
15.6000000000000	-12.4390000000000
15.6200000000000	-9.27900000000000
15.6400000000000	-3.55800000000000
15.6600000000000	5.79600000000000
15.6800000000000	10.2220000000000
15.7000000000000	7.87100000000000
15.7200000000000	11.1200000000000
15.7400000000000	5.05600000000000
15.7600000000000	11.1280000000000
15.7800000000000	6.60000000000000
15.8000000000000	-6.95500000000000
15.8200000000000	-5.59800000000000
15.8400000000000	-4.00400000000000
15.8600000000000	-9.84500000000000
15.8800000000000	-12.8940000000000
15.9000000000000	-12.3230000000000
15.9200000000000	-11.9320000000000
15.9400000000000	-12.1080000000000
15.9600000000000	-6.37400000000000
15.9800000000000	2.51600000000000
16	10.4980000000000
16.0200000000000	18.9970000000000
16.0400000000000	18.4490000000000
16.0600000000000	11.4390000000000
16.0800000000000	-2.55200000000000
16.1000000000000	-2.73200000000000
16.1200000000000	-5.21500000000000
16.1400000000000	-10.0230000000000
16.1600000000000	-10.4340000000000
16.1800000000000	-4.75200000000000
16.2000000000000	3.09800000000000
16.2200000000000	-1.71300000000000
16.2400000000000	-3.62000000000000
16.2600000000000	-8.51200000000000
16.2800000000000	1.46900000000000
16.3000000000000	4.14800000000000
16.3200000000000	-3.95300000000000
16.3400000000000	-3.37000000000000
16.3600000000000	-5.52800000000000
16.3800000000000	5.87400000000000
16.4000000000000	14.0100000000000
16.4200000000000	23.3160000000000
16.4400000000000	24.0800000000000
16.4600000000000	3.38900000000000
16.4800000000000	-1.51800000000000
16.5000000000000	4.87000000000000
16.5200000000000	-18.1310000000000
16.5400000000000	-29.0200000000000
16.5600000000000	-8.75200000000000
16.5800000000000	-0.496000000000000
16.6000000000000	-0.829000000000000
16.6200000000000	8.95300000000000
16.6400000000000	26.8790000000000
16.6600000000000	29.1010000000000
16.6800000000000	12.5340000000000
16.7000000000000	2.30200000000000
16.7200000000000	-0.180000000000000
16.7400000000000	-11.4820000000000
16.7600000000000	-11.0470000000000
16.7800000000000	-30.4930000000000
16.8000000000000	-17.5980000000000
16.8200000000000	17.2760000000000
16.8400000000000	6.63600000000000
16.8600000000000	6.73700000000000
16.8800000000000	12.8560000000000
16.9000000000000	20.5540000000000
16.9200000000000	19.3840000000000
16.9400000000000	2.05800000000000
16.9600000000000	-0.113000000000000
16.9800000000000	-4.58500000000000
17	-16.3980000000000
17.0200000000000	-10.8640000000000
17.0400000000000	-3.66200000000000
17.0600000000000	-7.40200000000000
17.0800000000000	-14.4280000000000
17.1000000000000	-6.24900000000000
17.1200000000000	3.37700000000000
17.1400000000000	-0.766000000000000
17.1600000000000	6.91000000000000
17.1800000000000	9.70400000000000
17.2000000000000	2.22600000000000
17.2200000000000	4.71600000000000
17.2400000000000	11.1600000000000
17.2600000000000	3.98400000000000
17.2800000000000	-2.58300000000000
17.3000000000000	-5.62300000000000
17.3200000000000	-6.29400000000000
17.3400000000000	3.40100000000000
17.3600000000000	-1.73600000000000
17.3800000000000	-13.2990000000000
17.4000000000000	-21.1820000000000
17.4200000000000	-9.23600000000000
17.4400000000000	6.75600000000000
17.4600000000000	4.35800000000000
17.4800000000000	5.74600000000000
17.5000000000000	17.3630000000000
17.5200000000000	10.1470000000000
17.5400000000000	6.99100000000000
17.5600000000000	-4.83700000000000
17.5800000000000	-13.6560000000000
17.6000000000000	-4.67800000000000
17.6200000000000	0.210000000000000
17.6400000000000	6.99400000000000
17.6600000000000	-9.65000000000000
17.6800000000000	-17.8780000000000
17.7000000000000	-19.2740000000000
17.7200000000000	-22.6760000000000
17.7400000000000	-7.18500000000000
17.7600000000000	4.31700000000000
17.7800000000000	7.05400000000000
17.8000000000000	9.32300000000000
17.8200000000000	10.8410000000000
17.8400000000000	8.77300000000000
17.8600000000000	4.46400000000000
17.8800000000000	12.4770000000000
17.9000000000000	15.9760000000000
17.9200000000000	9.45300000000000
17.9400000000000	-2.35900000000000
17.9600000000000	-8.87600000000000
17.9800000000000	-8.65900000000000
18	-1.37600000000000
18.0200000000000	0.955000000000000
18.0400000000000	-6.23200000000000
18.0600000000000	-18.3750000000000
18.0800000000000	-20.9070000000000
18.1000000000000	-5.52900000000000
18.1200000000000	12.1120000000000
18.1400000000000	13.9090000000000
18.1600000000000	-0.00800000000000000
18.1800000000000	4.90600000000000
18.2000000000000	6.75400000000000
18.2200000000000	9.40700000000000
18.2400000000000	12.8510000000000
18.2600000000000	11.5930000000000
18.2800000000000	12.4960000000000
18.3000000000000	10.9650000000000
18.3200000000000	7.00800000000000
18.3400000000000	5.20700000000000
18.3600000000000	2.74600000000000
18.3800000000000	-15.2590000000000
18.4000000000000	-19.2840000000000
18.4200000000000	-7.95200000000000
18.4400000000000	-4.00400000000000
18.4600000000000	-6.24300000000000
18.4800000000000	-7.86500000000000
18.5000000000000	-9.53600000000000
18.5200000000000	-4.76900000000000
18.5400000000000	6.72700000000000
18.5600000000000	8.99300000000000
18.5800000000000	7.73400000000000
18.6000000000000	6.73600000000000
18.6200000000000	2.31500000000000
18.6400000000000	1.73700000000000
18.6600000000000	5.44100000000000
18.6800000000000	10.0410000000000
18.7000000000000	-4.60900000000000
18.7200000000000	-17.2140000000000
18.7400000000000	-4.12200000000000
18.7600000000000	-3.74500000000000
18.7800000000000	-4.37800000000000
18.8000000000000	-5.33900000000000
18.8200000000000	-9.77000000000000
18.8400000000000	-8.63700000000000
18.8600000000000	-8.85400000000000
18.8800000000000	8.61200000000000
18.9000000000000	18.3230000000000
18.9200000000000	3.39900000000000
18.9400000000000	-0.588000000000000
18.9600000000000	13.1660000000000
18.9800000000000	19.5480000000000
19	16.0100000000000
19.0200000000000	18.7700000000000
19.0400000000000	11.1000000000000
19.0600000000000	-13.5650000000000
19.0800000000000	-11.3660000000000
19.1000000000000	0.709000000000000
19.1200000000000	-1.59300000000000
19.1400000000000	-2.00400000000000
19.1600000000000	-0.910000000000000
19.1800000000000	8.95600000000000
19.2000000000000	3.38100000000000
19.2200000000000	-10.0970000000000
19.2400000000000	-10.1180000000000
19.2600000000000	-11.4840000000000
19.2800000000000	-13.0510000000000
19.3000000000000	-2.98700000000000
19.3200000000000	-0.832000000000000
19.3400000000000	-6.14000000000000
19.3600000000000	11.2140000000000
19.3800000000000	15.1370000000000
19.4000000000000	8.71100000000000
19.4200000000000	18.0460000000000
19.4400000000000	21.5180000000000
19.4600000000000	9.88300000000000
19.4800000000000	-3.75000000000000
19.5000000000000	-13.9650000000000
19.5200000000000	-7.81800000000000
19.5400000000000	8.11800000000000
19.5600000000000	-2.46800000000000
19.5800000000000	-9.29200000000000
19.6000000000000	-2.80000000000000
19.6200000000000	-1.15500000000000
19.6400000000000	-8.78900000000000
19.6600000000000	-7.91400000000000
19.6800000000000	7.99800000000000
19.7000000000000	2.52700000000000
19.7200000000000	-5.90800000000000
19.7400000000000	-10.8140000000000
19.7600000000000	-10.0720000000000
19.7800000000000	-10.5770000000000
19.8000000000000	-5.03600000000000
19.8200000000000	1.45200000000000
19.8400000000000	-3.37100000000000
19.8600000000000	9.20000000000000
19.8800000000000	17.6670000000000
19.9000000000000	10.7330000000000
19.9200000000000	-6.65600000000000
19.9400000000000	-4.61600000000000
19.9600000000000	4.81300000000000
19.9800000000000	1.59100000000000
20	-3.50600000000000
20.0200000000000	-7.48500000000000
20.0400000000000	-2.95500000000000
20.0600000000000	-3.30700000000000
20.0800000000000	-5.14700000000000
20.1000000000000	-3.93400000000000
20.1200000000000	-2.86900000000000
20.1400000000000	-0.535000000000000
20.1600000000000	4.29200000000000
20.1800000000000	9.31400000000000
20.2000000000000	7.72800000000000
20.2200000000000	7.82500000000000
20.2400000000000	5.02100000000000
20.2600000000000	2.46200000000000
20.2800000000000	2.56100000000000
20.3000000000000	-1.73900000000000
20.3200000000000	-3.02000000000000
20.3400000000000	-9.98700000000000
20.3600000000000	-12.5120000000000
20.3800000000000	-10.0480000000000
20.4000000000000	-5.04300000000000
20.4200000000000	-2.64300000000000
20.4400000000000	-3.22900000000000
20.4600000000000	-2.72600000000000
20.4800000000000	-6.99300000000000
20.5000000000000	-6.39300000000000
20.5200000000000	0.193000000000000
20.5400000000000	5.01500000000000
20.5600000000000	10.8870000000000
20.5800000000000	-1.09700000000000
20.6000000000000	-8.86400000000000
20.6200000000000	-13.5310000000000
20.6400000000000	-8.70500000000000
20.6600000000000	2.38600000000000
20.6800000000000	-1.15100000000000
20.7000000000000	-0.385000000000000
20.7200000000000	2.48700000000000
20.7400000000000	7.57900000000000
20.7600000000000	2.03000000000000
20.7800000000000	1.35000000000000
20.8000000000000	-2.19200000000000
20.8200000000000	-0.742000000000000
20.8400000000000	-0.288000000000000
20.8600000000000	-6.91500000000000
20.8800000000000	-5.86300000000000
20.9000000000000	-2.07700000000000
20.9200000000000	2.24400000000000
20.9400000000000	3.91100000000000
20.9600000000000	2.61800000000000
20.9800000000000	1.58500000000000
21	2.18900000000000
21.0200000000000	-0.497000000000000
21.0400000000000	-7.12500000000000
21.0600000000000	-10.4880000000000
21.0800000000000	-3.85800000000000
21.1000000000000	-5
21.1200000000000	-6.28900000000000
21.1400000000000	-4.12800000000000
21.1600000000000	-0.711000000000000
21.1800000000000	-3.06800000000000
21.2000000000000	4.63900000000000
21.2200000000000	13.3860000000000
21.2400000000000	7.31200000000000
21.2600000000000	3.06100000000000
21.2800000000000	0.749000000000000
21.3000000000000	-0.403000000000000
21.3200000000000	-0.233000000000000
21.3400000000000	3.34800000000000
21.3600000000000	10.1160000000000
21.3800000000000	18.4060000000000
21.4000000000000	16.1020000000000
21.4200000000000	9.50900000000000
21.4400000000000	1.50800000000000
21.4600000000000	-4.32200000000000
21.4800000000000	1.89400000000000
21.5000000000000	4.32600000000000
21.5200000000000	-3.52400000000000
21.5400000000000	-7.57100000000000
21.5600000000000	-3.05100000000000
21.5800000000000	1.24600000000000
21.6000000000000	1.17500000000000
21.6200000000000	3.93900000000000
21.6400000000000	8.62600000000000
21.6600000000000	9.62900000000000
21.6800000000000	6.58900000000000
21.7000000000000	6.44300000000000
21.7200000000000	9.53300000000000
21.7400000000000	9.96600000000000
21.7600000000000	7.76300000000000
21.7800000000000	3.28300000000000
21.8000000000000	0.0160000000000000
21.8200000000000	-2.11300000000000
21.8400000000000	-8.80300000000000
21.8600000000000	-16.7480000000000
21.8800000000000	-10.7000000000000
21.9000000000000	-9.73200000000000
21.9200000000000	-14.7000000000000
21.9400000000000	-8.03400000000000
21.9600000000000	2.07000000000000
21.9800000000000	7.19000000000000
22.0000000000000	12.4090000000000
22.0200000000000	13.0140000000000
22.0400000000000	9.79300000000000
22.0600000000000	8.21000000000000
22.0800000000000	2.94200000000000
22.1000000000000	-1.43300000000000
22.1200000000000	-5.02800000000000
22.1400000000000	-6.28300000000000
22.1600000000000	-6.13500000000000
22.1800000000000	-9.21600000000000
22.2000000000000	-10.8450000000000
22.2200000000000	-12.2960000000000
22.2400000000000	-15.6800000000000
22.2600000000000	-12.3150000000000
22.2800000000000	-9.63400000000000
22.3000000000000	-1.41200000000000
22.3200000000000	7.69100000000000
22.3400000000000	8.80100000000000
22.3600000000000	8.60900000000000
22.3800000000000	4.50700000000000
22.4000000000000	5.37900000000000
22.4200000000000	0.366000000000000
22.4400000000000	-6.37000000000000
22.4600000000000	-7.91100000000000
22.4800000000000	-5.69200000000000
22.5000000000000	-1.08500000000000
22.5200000000000	-4.99800000000000
22.5400000000000	-7.10600000000000
22.5600000000000	-1.56500000000000
22.5800000000000	-0.980000000000000
22.6000000000000	0.344000000000000
22.6200000000000	10.0750000000000
22.6400000000000	9.19100000000000
22.6600000000000	7.94000000000000
22.6800000000000	10.6660000000000
22.7000000000000	6.58300000000000
22.7200000000000	5.97100000000000
22.7400000000000	7.10500000000000
22.7600000000000	4.81000000000000
22.7800000000000	4.40700000000000
22.8000000000000	4.48300000000000
22.8200000000000	1.91600000000000
22.8400000000000	-0.791000000000000
22.8600000000000	-0.0760000000000000
22.8800000000000	2.30900000000000
22.9000000000000	-1.17200000000000
22.9200000000000	-6.26900000000000
22.9400000000000	-1.80500000000000
22.9600000000000	-0.613000000000000
22.9800000000000	0.0240000000000000
23.0000000000000	3.67800000000000
23.0200000000000	-0.457000000000000
23.0400000000000	-1.43300000000000
23.0600000000000	-0.728000000000000
23.0800000000000	-2.62500000000000
23.1000000000000	-1.37000000000000
23.1200000000000	2.03900000000000
23.1400000000000	6.50400000000000
23.1600000000000	2.34300000000000
23.1800000000000	-2.13700000000000
23.2000000000000	-1.47900000000000
23.2200000000000	-0.452000000000000
23.2400000000000	4.56400000000000
23.2600000000000	6.57600000000000
23.2800000000000	2.36200000000000
23.3000000000000	-1.22300000000000
23.3200000000000	3.08600000000000
23.3400000000000	4.05100000000000
23.3600000000000	4.48100000000000
23.3800000000000	5.18900000000000
23.4000000000000	2.11400000000000
23.4200000000000	-1.40400000000000
23.4400000000000	-6.65200000000000
23.4600000000000	-7.54900000000000
23.4800000000000	-4.07700000000000
23.5000000000000	-1.64100000000000
23.5200000000000	-1.58900000000000
23.5400000000000	-3.35100000000000
23.5600000000000	1.66800000000000
23.5800000000000	6.12600000000000
23.6000000000000	1.05300000000000
23.6200000000000	-0.792000000000000
23.6400000000000	-0.193000000000000
23.6600000000000	0.182000000000000
23.6800000000000	1.46900000000000
23.7000000000000	0.736000000000000
23.7200000000000	-2.84200000000000
23.7400000000000	-2.00500000000000
23.7600000000000	-0.449000000000000
23.7800000000000	-1.31100000000000
23.8000000000000	0.565000000000000
23.8200000000000	4.34800000000000
23.8400000000000	-1.05000000000000
23.8600000000000	-7.73400000000000
23.8800000000000	-3.82000000000000
23.9000000000000	-4.22400000000000
23.9200000000000	-4.97700000000000
23.9400000000000	-3.18400000000000
23.9600000000000	-1.05400000000000
23.9800000000000	-2.77100000000000
24.0000000000000	-6.10900000000000
24.0200000000000	-7.17200000000000
24.0400000000000	-7.89000000000000
24.0600000000000	-0.485000000000000
24.0800000000000	2.60800000000000
24.1000000000000	-2.55000000000000
24.1200000000000	-1.78600000000000
24.1400000000000	3.21900000000000
24.1600000000000	2.12800000000000
24.1800000000000	-1.76000000000000
24.2000000000000	-6.06300000000000
24.2200000000000	-8.26600000000000
24.2400000000000	-6.61100000000000
24.2600000000000	-7.31800000000000
24.2800000000000	-7.29400000000000
24.3000000000000	-5.97500000000000
24.3200000000000	-2.74500000000000
24.3400000000000	-1.48000000000000
24.3600000000000	-1.21700000000000
24.3800000000000	-2.02700000000000
24.4000000000000	-3.77800000000000
24.4200000000000	-0.786000000000000
24.4400000000000	1.32600000000000
24.4600000000000	-1.13200000000000
24.4800000000000	-5.29900000000000
24.5000000000000	-3.81800000000000
24.5200000000000	1.47100000000000
24.5400000000000	2.60800000000000
24.5600000000000	-0.246000000000000
24.5800000000000	2.64600000000000
24.6000000000000	4.56100000000000
24.6200000000000	1.27100000000000
24.6400000000000	2.20100000000000
24.6600000000000	4.59900000000000
24.6800000000000	5.76900000000000
24.7000000000000	1.44300000000000
24.7200000000000	-3.40400000000000
24.7400000000000	-3.04400000000000
24.7600000000000	-2.00700000000000
24.7800000000000	-3.48200000000000
24.8000000000000	-5.29900000000000
24.8200000000000	-3.25200000000000
24.8400000000000	-1.25400000000000
24.8600000000000	0.0460000000000000
24.8800000000000	-1.04900000000000
24.9000000000000	-2.70500000000000
24.9200000000000	-0.783000000000000
24.9400000000000	3.51600000000000
24.9600000000000	5.71300000000000
24.9800000000000	2.03500000000000
25.0000000000000	0.428000000000000
25.0200000000000	0.131000000000000
25.0400000000000	0.833000000000000
25.0600000000000	1.64000000000000
25.0800000000000	1.53400000000000
25.1000000000000	3.37900000000000
25.1200000000000	2.45900000000000
25.1400000000000	3.77900000000000
25.1600000000000	8.41100000000000
25.1800000000000	7.82200000000000
25.2000000000000	4.69200000000000
25.2200000000000	2.75000000000000
25.2400000000000	-0.129000000000000
25.2600000000000	-0.143000000000000
25.2800000000000	0.406000000000000
25.3000000000000	1.11000000000000
25.3200000000000	0.735000000000000
25.3400000000000	0.545000000000000
25.3600000000000	1.60900000000000
25.3800000000000	0.760000000000000
25.4000000000000	1.72000000000000
25.4200000000000	3.43600000000000
25.4400000000000	2.90400000000000
25.4600000000000	3.85400000000000
25.4800000000000	6.18200000000000
25.5000000000000	6.48300000000000
25.5200000000000	3.20000000000000
25.5400000000000	-0.884000000000000
25.5600000000000	-3.04000000000000
25.5800000000000	-5.27400000000000
25.6000000000000	-3.37200000000000
25.6200000000000	-3.21900000000000
25.6400000000000	-3.75800000000000
25.6600000000000	-1.06500000000000
25.6800000000000	3.40000000000000
25.7000000000000	7.46200000000000
25.7200000000000	6.94800000000000
25.7400000000000	6.26100000000000
25.7600000000000	6.22900000000000
25.7800000000000	5.15300000000000
25.8000000000000	1.99800000000000
25.8200000000000	0.288000000000000
25.8400000000000	-0.0380000000000000
25.8600000000000	-2.38800000000000
25.8800000000000	-3.34400000000000
25.9000000000000	-0.829000000000000
25.9200000000000	-1.27100000000000
25.9400000000000	-1.74100000000000
25.9600000000000	0.356000000000000
25.9800000000000	-1.57700000000000
26.0000000000000	-2.96700000000000
26.0200000000000	-3.51600000000000
26.0400000000000	-5.49400000000000
26.0600000000000	-2.10100000000000
26.0800000000000	-0.992000000000000
26.1000000000000	-3.47400000000000
26.1200000000000	-3.74700000000000
26.1400000000000	-2.86100000000000
26.1600000000000	-2.15100000000000
26.1800000000000	-2.86600000000000
26.2000000000000	-5.10900000000000
26.2200000000000	-4.77400000000000
26.2400000000000	0.242000000000000
26.2600000000000	2.45300000000000
26.2800000000000	1.86500000000000
26.3000000000000	3.25000000000000
26.3200000000000	5.31700000000000
26.3400000000000	2.02500000000000
26.3600000000000	-0.566000000000000
26.3800000000000	-0.471000000000000
26.4000000000000	-0.799000000000000
26.4200000000000	-1.09500000000000
26.4400000000000	-1.27500000000000
26.4600000000000	-5.33200000000000
26.4800000000000	-4.75800000000000
26.5000000000000	-0.492000000000000
26.5200000000000	-1.15400000000000
26.5400000000000	-0.501000000000000
26.5600000000000	-1.99300000000000
26.5800000000000	-1.85600000000000
26.6000000000000	0.186000000000000
26.6200000000000	3.92200000000000
26.6400000000000	3.86900000000000
26.6600000000000	1.15400000000000
26.6800000000000	3.59700000000000
26.7000000000000	2.16000000000000
26.7200000000000	-1.24400000000000
26.7400000000000	-0.688000000000000
26.7600000000000	-2.22200000000000
26.7800000000000	-6.01500000000000
26.8000000000000	-3.71800000000000
26.8200000000000	-0.724000000000000
26.8400000000000	-1.98900000000000
26.8600000000000	0.694000000000000
26.8800000000000	6.12600000000000
26.9000000000000	6.44400000000000
26.9200000000000	3.19700000000000
26.9400000000000	1.63500000000000
26.9600000000000	3.18800000000000
26.9800000000000	6.35100000000000
27.0000000000000	5.67200000000000
27.0200000000000	0.690000000000000
27.0400000000000	-2.76100000000000
27.0600000000000	-0.249000000000000
27.0800000000000	4.50600000000000
27.1000000000000	2.55500000000000
27.1200000000000	-0.795000000000000
27.1400000000000	0.360000000000000
27.1600000000000	3.51000000000000
27.1800000000000	3.45200000000000
27.2000000000000	-0.456000000000000
27.2200000000000	0.585000000000000
27.2400000000000	0.792000000000000
27.2600000000000	1.88100000000000
27.2800000000000	3.46900000000000
27.3000000000000	5.87500000000000
27.3200000000000	5.66700000000000
27.3400000000000	1.18700000000000
27.3600000000000	-1.30000000000000
27.3800000000000	-1.23500000000000
27.4000000000000	0.762000000000000
27.4200000000000	-2.04800000000000
27.4400000000000	-4.02800000000000
27.4600000000000	-2.55800000000000
27.4800000000000	-2.17400000000000
27.5000000000000	-4.70600000000000
27.5200000000000	-3.76100000000000
27.5400000000000	0.416000000000000
27.5600000000000	-0.525000000000000
27.5800000000000	-4.37400000000000
27.6000000000000	-6.75100000000000
27.6200000000000	-5.33300000000000
27.6400000000000	-1.43300000000000
27.6600000000000	-1.27000000000000
27.6800000000000	-0.707000000000000
27.7000000000000	-0.233000000000000
27.7200000000000	0.109000000000000
27.7400000000000	-0.423000000000000
27.7600000000000	-1.96200000000000
27.7800000000000	-1.35500000000000
27.8000000000000	-1.62800000000000
27.8200000000000	-1.49600000000000
27.8400000000000	-2.86200000000000
27.8600000000000	-4.28500000000000
27.8800000000000	-3.41200000000000
27.9000000000000	-3.63000000000000
27.9200000000000	-2.43500000000000
27.9400000000000	-0.641000000000000
27.9600000000000	-1.82800000000000
27.9800000000000	-2.79400000000000
28.0000000000000	-0.575000000000000
28.0200000000000	2.52200000000000
28.0400000000000	3.71700000000000
28.0600000000000	2.85100000000000
28.0800000000000	1.17900000000000
28.1000000000000	1.44200000000000
28.1200000000000	0.760000000000000
28.1400000000000	2.22700000000000
28.1600000000000	3.51800000000000
28.1800000000000	3.17600000000000
28.2000000000000	1.25600000000000
28.2200000000000	-1.31200000000000
28.2400000000000	2.82900000000000
28.2600000000000	1.89600000000000
28.2800000000000	-0.305000000000000
28.3000000000000	0.570000000000000
28.3200000000000	2.12200000000000
28.3400000000000	3.13200000000000
28.3600000000000	3.75300000000000
28.3800000000000	5.15700000000000
28.4000000000000	2.35500000000000
28.4200000000000	1.00100000000000
28.4400000000000	-1.30200000000000
28.4600000000000	-1.21200000000000
28.4800000000000	-0.390000000000000
28.5000000000000	1.77300000000000
28.5200000000000	3.29100000000000
28.5400000000000	2.89200000000000
28.5600000000000	2.90200000000000
28.5800000000000	2.11800000000000
28.6000000000000	0.546000000000000
28.6200000000000	0.297000000000000
28.6400000000000	0.822000000000000
28.6600000000000	0.316000000000000
28.6800000000000	0.00100000000000000
28.7000000000000	1.22800000000000
28.7200000000000	3.64400000000000
28.7400000000000	3.12300000000000
28.7600000000000	2
28.7800000000000	0.961000000000000
28.8000000000000	-0.579000000000000
28.8200000000000	-0.737000000000000
28.8400000000000	-2.23800000000000
28.8600000000000	-2.38100000000000
28.8800000000000	-0.447000000000000
28.9000000000000	0.694000000000000
28.9200000000000	-0.760000000000000
28.9400000000000	-1.08100000000000
28.9600000000000	0.563000000000000
28.9800000000000	0.131000000000000
29.0000000000000	0.613000000000000
29.0200000000000	0.671000000000000
29.0400000000000	1.66500000000000
29.0600000000000	1.33800000000000
29.0800000000000	-0.553000000000000
29.1000000000000	-1.69800000000000
29.1200000000000	-4.48300000000000
29.1400000000000	-4.45300000000000
29.1600000000000	-0.659000000000000
29.1800000000000	-0.551000000000000
29.2000000000000	-2.47500000000000
29.2200000000000	-4.57700000000000
29.2400000000000	-5.45600000000000
29.2600000000000	-5.12800000000000
29.2800000000000	-2.81800000000000
29.3000000000000	-3.63500000000000
29.3200000000000	-3.56300000000000
29.3400000000000	-2.65900000000000
29.3600000000000	-1.85600000000000
29.3800000000000	-1.96000000000000
29.4000000000000	-0.794000000000000
29.4200000000000	-0.201000000000000
29.4400000000000	-2.14200000000000
29.4600000000000	-1.06200000000000
29.4800000000000	-2.39900000000000
29.5000000000000	-1.37300000000000
29.5200000000000	0.224000000000000
29.5400000000000	2.62000000000000
29.5600000000000	3.08600000000000
29.5800000000000	2.87500000000000
29.6000000000000	2.30300000000000
29.6200000000000	0.896000000000000
29.6400000000000	-1.70100000000000
29.6600000000000	-0.785000000000000
29.6800000000000	-0.00300000000000000
29.7000000000000	1.13500000000000
29.7200000000000	3.43600000000000
29.7400000000000	2.65700000000000
29.7600000000000	2.76800000000000
29.7800000000000	1.10100000000000
29.8000000000000	0.255000000000000
29.8200000000000	-2.33700000000000
29.8400000000000	-4.94800000000000
29.8600000000000	-5.12500000000000
29.8800000000000	-5.58500000000000
29.9000000000000	-5.35300000000000
29.9200000000000	-4.78800000000000
29.9400000000000	-3.90000000000000
29.9600000000000	-1.01000000000000
29.9800000000000	1.46900000000000
30.0000000000000	3.88200000000000
30.0200000000000	5.13700000000000
30.0400000000000	3.73900000000000
30.0600000000000	3.28000000000000
30.0800000000000	3.53500000000000
30.1000000000000	1.75200000000000
30.1200000000000	1.21700000000000
30.1400000000000	2.95900000000000
30.1600000000000	1.59800000000000
30.1800000000000	-0.253000000000000
30.2000000000000	-0.345000000000000
30.2200000000000	-1.66200000000000
30.2400000000000	-1.67600000000000
30.2600000000000	-2.06500000000000
30.2800000000000	-1.98100000000000
30.3000000000000	-0.680000000000000
30.3200000000000	0.615000000000000
30.3400000000000	0.341000000000000
30.3600000000000	2.09000000000000
30.3800000000000	3.88500000000000
30.4000000000000	3.10400000000000
30.4200000000000	1.67100000000000
30.4400000000000	-0.545000000000000
30.4600000000000	1.71600000000000
30.4800000000000	3.17500000000000
30.5000000000000	3.65900000000000
30.5200000000000	3.00400000000000
30.5400000000000	2.53800000000000
30.5600000000000	0.752000000000000
30.5800000000000	0.466000000000000
30.6000000000000	2.14400000000000
30.6200000000000	1.06400000000000
30.6400000000000	-0.451000000000000
30.6600000000000	-1.09000000000000
30.6800000000000	-0.880000000000000
30.7000000000000	-0.733000000000000
30.7200000000000	1.55600000000000
30.7400000000000	1.11100000000000
30.7600000000000	1.32300000000000
30.7800000000000	2.92600000000000
30.8000000000000	2.84800000000000
30.8200000000000	2.59300000000000
30.8400000000000	2.70100000000000
30.8600000000000	2.55000000000000
30.8800000000000	0.0140000000000000
30.9000000000000	-0.0190000000000000
30.9200000000000	0.260000000000000
30.9400000000000	-0.129000000000000
30.9600000000000	0.0390000000000000
30.9800000000000	-0.406000000000000
31.0000000000000	-0.0410000000000000
31.0200000000000	-0.0630000000000000
31.0400000000000	0
31.0600000000000	1.30500000000000
31.0800000000000	0.887000000000000
31.1000000000000	-0.0100000000000000
31.1200000000000	-0.144000000000000
31.1400000000000	0.750000000000000
31.1600000000000	0.704000000000000
31.1800000000000	-0.136000000000000
31.2000000000000	0.550000000000000
31.2200000000000	1.84300000000000
31.2400000000000	3.03000000000000
31.2600000000000	3.04200000000000
31.2800000000000	2.60000000000000
31.3000000000000	2.31200000000000
31.3200000000000	0.113000000000000
31.3400000000000	0.164000000000000
31.3600000000000	2.12800000000000
31.3800000000000	2.15700000000000
31.4000000000000	0.637000000000000
31.4200000000000	-0.334000000000000
31.4400000000000	-2.40300000000000
31.4600000000000	-4.95800000000000
31.4800000000000	-4.22600000000000
31.5000000000000	-3.53200000000000
31.5200000000000	-4.26900000000000
31.5400000000000	-5.02800000000000
31.5600000000000	-4.05100000000000
31.5800000000000	-2.64100000000000
31.6000000000000	-1.93600000000000
31.6200000000000	-3.37400000000000
31.6400000000000	-2.37200000000000
31.6600000000000	-1.46100000000000
31.6800000000000	-2.07300000000000
31.7000000000000	-2.56700000000000
31.7200000000000	-3.15000000000000
31.7400000000000	-0.918000000000000
31.7600000000000	0.173000000000000
31.7800000000000	0.874000000000000
31.8000000000000	-0.836000000000000
31.8200000000000	-1.55900000000000
31.8400000000000	-2.40200000000000
31.8600000000000	-2.31800000000000
31.8800000000000	-1.17900000000000
31.9000000000000	-3.15600000000000
31.9200000000000	-2.30100000000000
31.9400000000000	-2.89200000000000
31.9600000000000	-2.46000000000000
31.9800000000000	-1.01000000000000
32.0000000000000	-1.24400000000000
32.0200000000000	-1.23200000000000
32.0400000000000	-0.0930000000000000
32.0600000000000	0.685000000000000
32.0800000000000	-0.868000000000000
32.1000000000000	-0.640000000000000
32.1200000000000	-2.32500000000000
32.1400000000000	-1.32900000000000
32.1600000000000	-0.770000000000000
32.1800000000000	-4.03400000000000
32.2000000000000	-5.62500000000000
32.2200000000000	-4.00300000000000
32.2400000000000	-0.353000000000000
32.2600000000000	1.76600000000000
32.2800000000000	1.51500000000000
32.3000000000000	1.09100000000000
32.3200000000000	3.28500000000000
32.3400000000000	3.47200000000000
32.3600000000000	1.77500000000000
32.3800000000000	-0.557000000000000
32.4000000000000	-0.688000000000000
32.4200000000000	-0.664000000000000
32.4400000000000	-1.28200000000000
32.4600000000000	-1.34100000000000
32.4800000000000	-1.55500000000000
32.5000000000000	-0.188000000000000
32.5200000000000	1.32100000000000
32.5400000000000	2.28000000000000
32.5600000000000	2.31900000000000
32.5800000000000	3.73600000000000
32.6000000000000	4.92200000000000
32.6200000000000	2.98000000000000
32.6400000000000	1.64800000000000
32.6600000000000	1.41800000000000
32.6800000000000	1.54300000000000
32.7000000000000	0.176000000000000
32.7200000000000	-0.568000000000000
32.7400000000000	0.0580000000000000
32.7600000000000	-0.503000000000000
32.7800000000000	-1.57600000000000
32.8000000000000	-3.08900000000000
32.8200000000000	-3.42300000000000
32.8400000000000	-3.39400000000000
32.8600000000000	-1.15000000000000
32.8800000000000	-1.16500000000000
32.9000000000000	-0.869000000000000
32.9200000000000	-0.652000000000000
32.9400000000000	-0.907000000000000
32.9600000000000	-1.62900000000000
32.9800000000000	-2.45300000000000
33	-1.30000000000000
33.0200000000000	-0.849000000000000
33.0400000000000	-0.362000000000000
33.0600000000000	-1.06100000000000
33.0800000000000	0.754000000000000
33.1000000000000	1.89300000000000
33.1200000000000	3.17700000000000
33.1400000000000	2.74800000000000
33.1600000000000	1.41500000000000
33.1800000000000	1.27500000000000
33.2000000000000	-0.232000000000000
33.2200000000000	-0.581000000000000
33.2400000000000	-1.20900000000000
33.2600000000000	-0.978000000000000
33.2800000000000	-1.78400000000000
33.3000000000000	-1.25300000000000
33.3200000000000	-0.769000000000000
33.3400000000000	-0.962000000000000
33.3600000000000	1.32900000000000
33.3800000000000	1.33700000000000
33.4000000000000	0.475000000000000
33.4200000000000	0.555000000000000
33.4400000000000	0.628000000000000
33.4600000000000	0.855000000000000
33.4800000000000	1.64600000000000
33.5000000000000	1.91400000000000
33.5200000000000	0.936000000000000
33.5400000000000	-0.285000000000000
33.5600000000000	0.583000000000000
33.5800000000000	1.39500000000000
33.6000000000000	1.73100000000000
33.6200000000000	2.08300000000000
33.6400000000000	2.74900000000000
33.6600000000000	2.35500000000000
33.6800000000000	-0.855000000000000
33.7000000000000	-1.34600000000000
33.7200000000000	-1.03300000000000
33.7400000000000	-1.52000000000000
33.7600000000000	-1.83100000000000
33.7800000000000	-0.754000000000000
33.8000000000000	0.934000000000000
33.8200000000000	2.49100000000000
33.8400000000000	4.22700000000000
33.8600000000000	2.28200000000000
33.8800000000000	2.48600000000000
33.9000000000000	3.47900000000000
33.9200000000000	1.30000000000000
33.9400000000000	0.831000000000000
33.9600000000000	1.54500000000000
33.9800000000000	0.925000000000000
34	2.25200000000000
34.0200000000000	1.61200000000000
34.0400000000000	0.791000000000000
34.0600000000000	2.22700000000000
34.0800000000000	2.50300000000000
34.1000000000000	1.33200000000000
34.1200000000000	1.79000000000000
34.1400000000000	3.14000000000000
34.1600000000000	2.77300000000000
34.1800000000000	2.33900000000000
34.2000000000000	1.18800000000000
34.2200000000000	2.60800000000000
34.2400000000000	2.28800000000000
34.2600000000000	2.52300000000000
34.2800000000000	0.646000000000000
34.3000000000000	-0.0990000000000000
34.3200000000000	0.164000000000000
34.3400000000000	-0.00700000000000000
34.3600000000000	1.63900000000000
34.3800000000000	2.49200000000000
34.4000000000000	2.84300000000000
34.4200000000000	1.21200000000000
34.4400000000000	-1.41700000000000
34.4600000000000	-2.77600000000000
34.4800000000000	-4.71400000000000
34.5000000000000	-5.27400000000000
34.5200000000000	-2.78500000000000
34.5400000000000	0.189000000000000
34.5600000000000	-0.550000000000000
34.5800000000000	-0.940000000000000
34.6000000000000	1.95400000000000
34.6200000000000	2.79400000000000
34.6400000000000	2.62900000000000
34.6600000000000	0.532000000000000
34.6800000000000	0.175000000000000
34.7000000000000	-0.274000000000000
34.7200000000000	-2.25500000000000
34.7400000000000	-2.87400000000000
34.7600000000000	-2.28700000000000
34.7800000000000	-1.89300000000000
34.8000000000000	-0.997000000000000
34.8200000000000	-0.805000000000000
34.8400000000000	-2.32000000000000
34.8600000000000	-1.22800000000000
34.8800000000000	-1.49900000000000
34.9000000000000	-3.70500000000000
34.9200000000000	-3.69700000000000
34.9400000000000	-2.63900000000000
34.9600000000000	-2.85400000000000
34.9800000000000	-2.24200000000000
35	-1.90000000000000
35.0200000000000	-2.91000000000000
35.0400000000000	-2.04400000000000
35.0600000000000	-0.995000000000000
35.0800000000000	-0.205000000000000
35.1000000000000	-0.516000000000000
35.1200000000000	-2.28600000000000
35.1400000000000	-2.58300000000000
35.1600000000000	-0.481000000000000
35.1800000000000	-2.01100000000000
35.2000000000000	-2.07500000000000
35.2200000000000	-0.253000000000000
35.2400000000000	-0.0290000000000000
35.2600000000000	0.935000000000000
35.2800000000000	1.26100000000000
35.3000000000000	1.25500000000000
35.3200000000000	2.57600000000000
35.3400000000000	2
35.3600000000000	0.153000000000000
35.3800000000000	-0.737000000000000
35.4000000000000	-1.88300000000000
35.4200000000000	-2.29300000000000
35.4400000000000	-3.12200000000000
35.4600000000000	-3.31800000000000
35.4800000000000	-1.97900000000000
35.5000000000000	0.0790000000000000
35.5200000000000	1.07300000000000
35.5400000000000	2.22000000000000
35.5600000000000	2.27300000000000
35.5800000000000	2.13700000000000
35.6000000000000	2.34500000000000
35.6200000000000	1.21600000000000
35.6400000000000	-0.775000000000000
35.6600000000000	0.145000000000000
35.6800000000000	1.56700000000000
35.7000000000000	1.33900000000000
35.7200000000000	-0.0950000000000000
35.7400000000000	1.06600000000000
35.7600000000000	2.40400000000000
35.7800000000000	1.87500000000000
35.8000000000000	1.67400000000000
35.8200000000000	2.27800000000000
35.8400000000000	3.66800000000000
35.8600000000000	3.10200000000000
35.8800000000000	2.62000000000000
35.9000000000000	2.46300000000000
35.9200000000000	1.31300000000000
35.9400000000000	-0.522000000000000
35.9600000000000	-1.12300000000000
35.9800000000000	-3.00800000000000
36	-1.63900000000000
36.0200000000000	1.11800000000000
36.0400000000000	0.412000000000000
36.0600000000000	0.200000000000000
36.0800000000000	1.12100000000000
36.1000000000000	2.45400000000000
36.1200000000000	0.445000000000000
36.1400000000000	-0.229000000000000
36.1600000000000	-0.357000000000000
36.1800000000000	0.347000000000000
36.2000000000000	2.14200000000000
36.2200000000000	2.00100000000000
36.2400000000000	1.77100000000000
36.2600000000000	0.514000000000000
36.2800000000000	1.30800000000000
36.3000000000000	2.17000000000000
36.3200000000000	2.10200000000000
36.3400000000000	2.38400000000000
36.3600000000000	0.959000000000000
36.3800000000000	-0.229000000000000
36.4000000000000	0.182000000000000
36.4200000000000	1.06200000000000
36.4400000000000	1.58900000000000
36.4600000000000	2.04400000000000
36.4800000000000	1.86800000000000
36.5000000000000	2.12900000000000
36.5200000000000	0.0410000000000000
36.5400000000000	-0.335000000000000
36.5600000000000	-0.466000000000000
36.5800000000000	-2.01100000000000
36.6000000000000	-3.07100000000000
36.6200000000000	-3.08900000000000
36.6400000000000	-1.17500000000000
36.6600000000000	-0.322000000000000
36.6800000000000	1.73900000000000
36.7000000000000	0.841000000000000
36.7200000000000	0.197000000000000
36.7400000000000	-0.499000000000000
36.7600000000000	-1.17200000000000
36.7800000000000	-0.995000000000000
36.8000000000000	-1.93900000000000
36.8200000000000	-2.68200000000000
36.8400000000000	-2.68700000000000
36.8600000000000	-0.505000000000000
36.8800000000000	-0.835000000000000
36.9000000000000	0.617000000000000
36.9200000000000	0.239000000000000
36.9400000000000	-1.13300000000000
36.9600000000000	-1.23700000000000
36.9800000000000	-1.69000000000000
37	-1.54000000000000
37.0200000000000	-3.79100000000000
37.0400000000000	-3.54400000000000
37.0600000000000	-1.44600000000000
37.0800000000000	-1.54600000000000
37.1000000000000	-2.26400000000000
37.1200000000000	-1.87200000000000
37.1400000000000	0.173000000000000
37.1600000000000	0.0340000000000000
37.1800000000000	-1.57800000000000
37.2000000000000	-1.08600000000000
37.2200000000000	-1.74400000000000
37.2400000000000	0.0810000000000000
37.2600000000000	-0.111000000000000
37.2800000000000	-1.35700000000000
37.3000000000000	-1.80500000000000
37.3200000000000	-0.896000000000000
37.3400000000000	-1.36400000000000
37.3600000000000	-0.820000000000000
37.3800000000000	1.27600000000000
37.4000000000000	1.49300000000000
37.4200000000000	0.625000000000000
37.4400000000000	-0.458000000000000
37.4600000000000	1.54700000000000
37.4800000000000	0.982000000000000
37.5000000000000	1.92400000000000
37.5200000000000	1.94100000000000
37.5400000000000	0.950000000000000
37.5600000000000	1.17600000000000
37.5800000000000	1.04500000000000
37.6000000000000	1.62800000000000
37.6200000000000	-0.601000000000000
37.6400000000000	-0.724000000000000
37.6600000000000	-0.0300000000000000
37.6800000000000	-0.791000000000000
37.7000000000000	-0.336000000000000
37.7200000000000	-0.415000000000000
37.7400000000000	0.516000000000000
37.7600000000000	1.29900000000000
37.7800000000000	0.994000000000000
37.8000000000000	0.747000000000000
37.8200000000000	1.18500000000000
37.8400000000000	-0.561000000000000
37.8600000000000	-1.20000000000000
37.8800000000000	-1.57900000000000
37.9000000000000	-0.599000000000000
37.9200000000000	-1.09100000000000
37.9400000000000	-1.39400000000000
37.9600000000000	-1.47600000000000
37.9800000000000	-0.968000000000000
38	1.20800000000000
38.0200000000000	1.37600000000000
38.0400000000000	2.62900000000000
38.0600000000000	2.03200000000000
38.0800000000000	1.51200000000000
38.1000000000000	1.84600000000000
38.1200000000000	1.28000000000000
38.1400000000000	1.71600000000000
38.1600000000000	1.10200000000000
38.1800000000000	1.26900000000000
38.2000000000000	1.00900000000000
38.2200000000000	0.835000000000000
38.2400000000000	0.860000000000000
38.2600000000000	0.209000000000000
38.2800000000000	-0.218000000000000
38.3000000000000	-0.852000000000000
38.3200000000000	-0.428000000000000
38.3400000000000	-1.21200000000000
38.3600000000000	-0.589000000000000
38.3800000000000	-1.08400000000000
38.4000000000000	-1.20400000000000
38.4200000000000	0.157000000000000
38.4400000000000	1.37000000000000
38.4600000000000	0.0750000000000000
38.4800000000000	-1.56800000000000
38.5000000000000	0.745000000000000
38.5200000000000	1.16700000000000
38.5400000000000	1.11000000000000
38.5600000000000	1.68700000000000
38.5800000000000	1.23600000000000
38.6000000000000	0.412000000000000
38.6200000000000	-0.659000000000000
38.6400000000000	-0.242000000000000
38.6600000000000	0.120000000000000
38.6800000000000	0.267000000000000
38.7000000000000	-0.271000000000000
38.7200000000000	-1.04800000000000
38.7400000000000	-0.997000000000000
38.7600000000000	-0.988000000000000
38.7800000000000	-1.33700000000000
38.8000000000000	-0.766000000000000
38.8200000000000	-0.757000000000000
38.8400000000000	-0.896000000000000
38.8600000000000	-0.994000000000000
38.8800000000000	0.353000000000000
38.9000000000000	1.40200000000000
38.9200000000000	1.07900000000000
38.9400000000000	1.40500000000000
38.9600000000000	0.625000000000000
38.9800000000000	-0.0120000000000000
39	0.428000000000000
39.0200000000000	-0.239000000000000
39.0400000000000	0.595000000000000
39.0600000000000	-0.346000000000000
39.0800000000000	-1.46100000000000
39.1000000000000	-1.52800000000000
39.1200000000000	-1.98100000000000
39.1400000000000	-1.43400000000000
39.1600000000000	-1.62600000000000
39.1800000000000	-1.33500000000000
39.2000000000000	-3.13300000000000
39.2200000000000	-4.26800000000000
39.2400000000000	-3.35900000000000
39.2600000000000	-2.43800000000000
39.2800000000000	-4.00800000000000
39.3000000000000	-3.31600000000000
39.3200000000000	-2.14700000000000
39.3400000000000	-1.51700000000000
39.3600000000000	-1.19300000000000
39.3800000000000	-1.49200000000000
39.4000000000000	-1.14400000000000
39.4200000000000	-1.34300000000000
39.4400000000000	-1.49400000000000
39.4600000000000	-1.35000000000000
39.4800000000000	-1.57100000000000
39.5000000000000	-0.830000000000000
39.5200000000000	1.16700000000000
39.5400000000000	-0.898000000000000
39.5600000000000	-1.28300000000000
39.5800000000000	-1.28100000000000
39.6000000000000	-1.39500000000000
39.6200000000000	-2.95500000000000
39.6400000000000	-2.23900000000000
39.6600000000000	-1.08500000000000
39.6800000000000	-1.18200000000000
39.7000000000000	-0.448000000000000
39.7200000000000	-0.0560000000000000
39.7400000000000	1.67000000000000
39.7600000000000	-0.376000000000000
39.7800000000000	-1.54900000000000
39.8000000000000	-2.07400000000000
39.8200000000000	-1.59800000000000
39.8400000000000	-0.600000000000000
39.8600000000000	-0.946000000000000
39.8800000000000	-1.35200000000000
39.9000000000000	-1.51400000000000
39.9200000000000	1.71700000000000
39.9400000000000	2.97300000000000
39.9600000000000	0.875000000000000
39.9800000000000	2.01100000000000
40	3.45800000000000
40.0200000000000	1.52200000000000
40.0400000000000	1.00100000000000
40.0600000000000	0.622000000000000
40.0800000000000	1.23200000000000
40.1000000000000	-0.192000000000000
40.1200000000000	-0.493000000000000
40.1400000000000	1.23900000000000
40.1600000000000	-0.441000000000000
40.1800000000000	-0.0880000000000000
40.2000000000000	2.32000000000000
40.2200000000000	3.36900000000000
40.2400000000000	3.01200000000000
40.2600000000000	3.32000000000000
40.2800000000000	3.62600000000000
40.3000000000000	4.08800000000000
40.3200000000000	3.40700000000000
40.3400000000000	2.65100000000000
40.3600000000000	2.58200000000000
40.3800000000000	2.15800000000000
40.4000000000000	1.66900000000000
40.4200000000000	0.267000000000000
40.4400000000000	-0.0350000000000000
40.4600000000000	0.118000000000000
40.4800000000000	-0.153000000000000
40.5000000000000	0.604000000000000
40.5200000000000	0.240000000000000
40.5400000000000	-0.236000000000000
40.5600000000000	0.128000000000000
40.5800000000000	0.00400000000000000
40.6000000000000	1.66400000000000
40.6200000000000	1.37000000000000
40.6400000000000	1.83000000000000
40.6600000000000	2.73800000000000
40.6800000000000	0.709000000000000
40.7000000000000	-0.193000000000000
40.7200000000000	-0.115000000000000
40.7400000000000	-0.727000000000000
40.7600000000000	-0.285000000000000
40.7800000000000	-0.158000000000000
40.8000000000000	0.287000000000000
40.8200000000000	-1.19000000000000
40.8400000000000	-1.18000000000000
40.8600000000000	-0.199000000000000
40.8800000000000	-0.730000000000000
40.9000000000000	-0.305000000000000
40.9200000000000	0.143000000000000
40.9400000000000	-0.155000000000000
40.9600000000000	0.246000000000000
40.9800000000000	1.21700000000000
41	0
41.0200000000000	0
41.0400000000000	0
41.0600000000000	0
41.0800000000000	0
41.1000000000000	0
41.1200000000000	0
41.1400000000000	0
41.1600000000000	0
41.1800000000000	0
41.2000000000000	0
41.2200000000000	0
41.2400000000000	0
41.2600000000000	0
41.2800000000000	0
41.3000000000000	0
41.3200000000000	0
41.3400000000000	0
41.3600000000000	0
41.3800000000000	0
41.4000000000000	0
41.4200000000000	0
41.4400000000000	0
41.4600000000000	0
41.4800000000000	0
41.5000000000000	0
41.5200000000000	0
41.5400000000000	0
41.5600000000000	0
41.5800000000000	0
41.6000000000000	0
41.6200000000000	0
41.6400000000000	0
41.6600000000000	0
41.6800000000000	0
41.7000000000000	0
41.7200000000000	0
41.7400000000000	0
41.7600000000000	0
41.7800000000000	0
41.8000000000000	0
41.8200000000000	0
41.8400000000000	0
41.8600000000000	0
41.8800000000000	0
41.9000000000000	0
41.9200000000000	0
41.9400000000000	0
41.9600000000000	0
41.9800000000000	0
42	0
42.0200000000000	0
42.0400000000000	0
42.0600000000000	0
42.0800000000000	0
42.1000000000000	0
42.1200000000000	0
42.1400000000000	0
42.1600000000000	0
42.1800000000000	0
42.2000000000000	0
42.2200000000000	0
42.2400000000000	0
42.2600000000000	0
42.2800000000000	0
42.3000000000000	0
42.3200000000000	0
42.3400000000000	0
42.3600000000000	0
42.3800000000000	0
42.4000000000000	0
42.4200000000000	0
42.4400000000000	0
42.4600000000000	0
42.4800000000000	0
42.5000000000000	0
42.5200000000000	0
42.5400000000000	0
42.5600000000000	0
42.5800000000000	0
42.6000000000000	0
42.6200000000000	0
42.6400000000000	0
42.6600000000000	0
42.6800000000000	0
42.7000000000000	0
42.7200000000000	0
42.7400000000000	0
42.7600000000000	0
42.7800000000000	0
42.8000000000000	0
42.8200000000000	0
42.8400000000000	0
42.8600000000000	0
42.8800000000000	0
42.9000000000000	0
42.9200000000000	0
42.9400000000000	0
42.9600000000000	0
42.9800000000000	0
