0	-4.58764199991698e-05
0.00100000000000000	-5.45961801241644e-05
0.00200000000000000	-6.48270245713918e-05
0.00300000000000000	-7.68011438323936e-05
0.00400000000000000	-9.07807123559609e-05
0.00500000000000000	-0.000107060719904646
0.00600000000000000	-0.000125971882657897
0.00700000000000000	-0.000147883597487689
0.00800000000000000	-0.000173206894021822
0.00900000000000000	-0.000202397329425584
0.0100000000000000	-0.000235957760323949
0.0110000000000000	-0.000274440915035747
0.0120000000000000	-0.000318451677416331
0.0130000000000000	-0.000368648981264516
0.0140000000000000	-0.000425747201645553
0.0150000000000000	-0.000490516916864020
0.0160000000000000	-0.000563784902487863
0.0170000000000000	-0.000646433207126947
0.0180000000000000	-0.000739397149006529
0.0190000000000000	-0.000843662063197270
0.0200000000000000	-0.000960258622163481
0.0210000000000000	-0.00109025654760540
0.0220000000000000	-0.00123475652996701
0.0230000000000000	-0.00139488017404935
0.0240000000000000	-0.00157175779551064
0.0250000000000000	-0.00176651390424698
0.0260000000000000	-0.00198025022730485
0.0270000000000000	-0.00221402614661351
0.0280000000000000	-0.00246883645591361
0.0290000000000000	-0.00274558637718065
0.0300000000000000	-0.00304506381987445
0.0310000000000000	-0.00336790891662257
0.0320000000000000	-0.00371458092644463
0.0330000000000000	-0.00408532266113041
0.0340000000000000	-0.00448012266147794
0.0350000000000000	-0.00489867542712446
0.0360000000000000	-0.00534034008576382
0.0370000000000000	-0.00580409797347956
0.0380000000000000	-0.00628850968630983
0.0390000000000000	-0.00679167225230877
0.0400000000000000	-0.00731117716133574
0.0410000000000000	-0.00784407007440496
0.0420000000000000	-0.00838681311326922
0.0430000000000000	-0.00893525070142259
0.0440000000000000	-0.00948457998718895
0.0450000000000000	-0.0100293269252447
0.0460000000000000	-0.0105633291220257
0.0470000000000000	-0.0110797265602801
0.0480000000000000	-0.0115709613059823
0.0490000000000000	-0.0120287872645976
0.0500000000000000	-0.0124442909912678
0.0510000000000000	-0.0128079244692991
0.0520000000000000	-0.0131095506522854
0.0530000000000000	-0.0133385024168096
0.0540000000000000	-0.0134836553951109
0.0550000000000000	-0.0135335149513099
0.0560000000000000	-0.0134763173324451
0.0570000000000000	-0.0133001447692391
0.0580000000000000	-0.0129930540245422
0.0590000000000000	-0.0125432175940146
0.0600000000000000	-0.0119390764588094
0.0610000000000000	-0.0111695029795674
0.0620000000000000	-0.0102239722113502
0.0630000000000000	-0.00909273961718517
0.0640000000000000	-0.00776702287106691
0.0650000000000000	-0.00623918517718482
0.0660000000000000	-0.00450291729855575
0.0670000000000000	-0.00255341529271683
0.0680000000000000	-0.000387550801953170
0.0690000000000000	0.00199596935258709
0.0700000000000000	0.00459645756364314
0.0710000000000000	0.00741111708531364
0.0720000000000000	0.0104349341134005
0.0730000000000000	0.0136605933177973
0.0740000000000000	0.0170784196168960
0.0750000000000000	0.0206763486852364
0.0760000000000000	0.0244399283197113
0.0770000000000000	0.0283523523606873
0.0780000000000000	0.0323945283782985
0.0790000000000000	0.0365451797984595
0.0800000000000000	0.0407809825669842
0.0810000000000000	0.0450767358441372
0.0820000000000000	0.0494055655977852
0.0830000000000000	0.0537391593338051
0.0840000000000000	0.0580480295810007
0.0850000000000000	0.0623018031482895
0.0860000000000000	0.0664695326082047
0.0870000000000000	0.0705200259463274
0.0880000000000000	0.0744221898639659
0.0890000000000000	0.0781453818430270
0.0900000000000000	0.0816597657880115
0.0910000000000000	0.0849366658591451
0.0920000000000000	0.0879489130096263
0.0930000000000000	0.0906711787434304
0.0940000000000000	0.0930802907203236
0.0950000000000000	0.0951555250515013
0.0960000000000000	0.0968788704498720
0.0970000000000000	0.0982352598182701
0.0980000000000000	0.0992127653692262
0.0990000000000000	0.0998027539615419
0.100000000000000	0.100000000000000
0.101000000000000	0.0998027539615419
0.102000000000000	0.0992127653692262
0.103000000000000	0.0982352598182701
0.104000000000000	0.0968788704498720
0.105000000000000	0.0951555250515013
0.106000000000000	0.0930802907203236
0.107000000000000	0.0906711787434304
0.108000000000000	0.0879489130096263
0.109000000000000	0.0849366658591451
0.110000000000000	0.0816597657880115
0.111000000000000	0.0781453818430271
0.112000000000000	0.0744221898639659
0.113000000000000	0.0705200259463274
0.114000000000000	0.0664695326082047
0.115000000000000	0.0623018031482895
0.116000000000000	0.0580480295810007
0.117000000000000	0.0537391593338051
0.118000000000000	0.0494055655977852
0.119000000000000	0.0450767358441372
0.120000000000000	0.0407809825669843
0.121000000000000	0.0365451797984596
0.122000000000000	0.0323945283782985
0.123000000000000	0.0283523523606873
0.124000000000000	0.0244399283197113
0.125000000000000	0.0206763486852364
0.126000000000000	0.0170784196168960
0.127000000000000	0.0136605933177974
0.128000000000000	0.0104349341134005
0.129000000000000	0.00741111708531364
0.130000000000000	0.00459645756364314
0.131000000000000	0.00199596935258709
0.132000000000000	-0.000387550801953170
0.133000000000000	-0.00255341529271683
0.134000000000000	-0.00450291729855575
0.135000000000000	-0.00623918517718482
0.136000000000000	-0.00776702287106691
0.137000000000000	-0.00909273961718517
0.138000000000000	-0.0102239722113502
0.139000000000000	-0.0111695029795674
0.140000000000000	-0.0119390764588094
0.141000000000000	-0.0125432175940146
0.142000000000000	-0.0129930540245422
0.143000000000000	-0.0133001447692391
0.144000000000000	-0.0134763173324451
0.145000000000000	-0.0135335149513099
0.146000000000000	-0.0134836553951109
0.147000000000000	-0.0133385024168096
0.148000000000000	-0.0131095506522854
0.149000000000000	-0.0128079244692991
0.150000000000000	-0.0124442909912678
0.151000000000000	-0.0120287872645976
0.152000000000000	-0.0115709613059823
0.153000000000000	-0.0110797265602801
0.154000000000000	-0.0105633291220257
0.155000000000000	-0.0100293269252447
0.156000000000000	-0.00948457998718896
0.157000000000000	-0.00893525070142260
0.158000000000000	-0.00838681311326922
0.159000000000000	-0.00784407007440496
0.160000000000000	-0.00731117716133574
0.161000000000000	-0.00679167225230878
0.162000000000000	-0.00628850968630983
0.163000000000000	-0.00580409797347956
0.164000000000000	-0.00534034008576382
0.165000000000000	-0.00489867542712446
0.166000000000000	-0.00448012266147794
0.167000000000000	-0.00408532266113041
0.168000000000000	-0.00371458092644463
0.169000000000000	-0.00336790891662257
0.170000000000000	-0.00304506381987445
0.171000000000000	-0.00274558637718065
0.172000000000000	-0.00246883645591361
0.173000000000000	-0.00221402614661351
0.174000000000000	-0.00198025022730485
0.175000000000000	-0.00176651390424698
0.176000000000000	-0.00157175779551064
0.177000000000000	-0.00139488017404936
0.178000000000000	-0.00123475652996701
0.179000000000000	-0.00109025654760540
0.180000000000000	-0.000960258622163483
0.181000000000000	-0.000843662063197271
0.182000000000000	-0.000739397149006531
0.183000000000000	-0.000646433207126948
0.184000000000000	-0.000563784902487864
0.185000000000000	-0.000490516916864021
0.186000000000000	-0.000425747201645554
0.187000000000000	-0.000368648981264517
0.188000000000000	-0.000318451677416332
0.189000000000000	-0.000274440915035748
0.190000000000000	-0.000235957760323949
0.191000000000000	-0.000202397329425584
0.192000000000000	-0.000173206894021822
0.193000000000000	-0.000147883597487689
0.194000000000000	-0.000125971882657897
0.195000000000000	-0.000107060719904646
0.196000000000000	-9.07807123559609e-05
0.197000000000000	-7.68011438323936e-05
0.198000000000000	-6.48270245713918e-05
0.199000000000000	-5.45961801241644e-05
0.200000000000000	-4.58764199991698e-05
0.201000000000000	-3.84628147116817e-05
0.202000000000000	-3.21751028790918e-05
0.203000000000000	-2.68552438564151e-05
0.204000000000000	-2.23651261002989e-05
0.205000000000000	-1.85844369354023e-05
0.206000000000000	-1.54086956185468e-05
0.207000000000000	-1.27474484921306e-05
0.208000000000000	-1.05226225243722e-05
0.209000000000000	-8.66703158438127e-06
0.210000000000000	-7.12302832985562e-06
0.211000000000000	-5.84129353145020e-06
0.212000000000000	-4.77975396074968e-06
0.213000000000000	-3.90261957240441e-06
0.214000000000000	-3.17953056391358e-06
0.215000000000000	-2.58480495209197e-06
0.216000000000000	-2.09677752167983e-06
0.217000000000000	-1.69722134200400e-06
0.218000000000000	-1.37084347999879e-06
0.219000000000000	-1.10484703473174e-06
0.220000000000000	-8.88552156598337e-07
0.221000000000000	-7.13069274224818e-07
0.222000000000000	-5.71018318083206e-07
0.223000000000000	-4.56288289295333e-07
0.224000000000000	-3.63832065304448e-07
0.225000000000000	-2.89491853683489e-07
0.226000000000000	-2.29851196073239e-07
0.227000000000000	-1.82109882606200e-07
0.228000000000000	-1.43978561136550e-07
0.229000000000000	-1.13590214314248e-07
0.230000000000000	-8.94260311095094e-08
0.231000000000000	-7.02535186441932e-08
0.232000000000000	-5.50749865026417e-08
0.233000000000000	-4.30847908549138e-08
0.234000000000000	-3.36339517746228e-08
0.235000000000000	-2.62009562734565e-08
0.236000000000000	-2.03677340775414e-08
0.237000000000000	-1.57999453116593e-08
0.238000000000000	-1.22308512595398e-08
0.239000000000000	-9.44815336532982e-09
0.240000000000000	-7.28328364797996e-09
0.241000000000000	-5.60271359508068e-09
0.242000000000000	-4.30092011674450e-09
0.243000000000000	-3.29470785262140e-09
0.244000000000000	-2.51863846373366e-09
0.245000000000000	-1.92136078553556e-09
0.246000000000000	-1.46267200851937e-09
0.247000000000000	-1.11117039435662e-09
0.248000000000000	-8.42385312680420e-10
0.249000000000000	-6.37291367287940e-10
0.250000000000000	-4.81130739765630e-10
0.251000000000000	-3.62482190549983e-10
0.252000000000000	-2.72526917710232e-10
0.253000000000000	-2.04471105458571e-10
0.254000000000000	-1.53092857268695e-10
0.255000000000000	-1.14387606868040e-10
0.256000000000000	-8.52912906349264e-11
0.257000000000000	-6.34647621050108e-11
0.258000000000000	-4.71263129686641e-11
0.259000000000000	-3.49218845181638e-11
0.260000000000000	-2.58247327640233e-11
0.261000000000000	-1.90580515494658e-11
0.262000000000000	-1.40354449574580e-11
0.263000000000000	-1.03152419459102e-11
0.264000000000000	-7.56551863903526e-12
0.265000000000000	-5.53738273797133e-12
0.266000000000000	-4.04461712658891e-12
0.267000000000000	-2.94820585467317e-12
0.268000000000000	-2.14459936418888e-12
0.269000000000000	-1.55683640957296e-12
0.270000000000000	-1.12784306501549e-12
0.271000000000000	-8.15386831104936e-13
0.272000000000000	-5.88285940700994e-13
0.273000000000000	-4.23568275268215e-13
0.274000000000000	-3.04346962982504e-13
0.275000000000000	-2.18235560705199e-13
0.276000000000000	-1.56168508192559e-13
0.277000000000000	-1.11525246442452e-13
0.278000000000000	-7.94813237118855e-14
0.279000000000000	-5.65287701321503e-14
0.280000000000000	-4.01223993779990e-14
0.281000000000000	-2.84195719501732e-14
0.282000000000000	-2.00891610021069e-14
0.283000000000000	-1.41716378664941e-14
0.284000000000000	-9.97683097898878e-15
0.285000000000000	-7.00938381244634e-15
0.286000000000000	-4.91453073671776e-15
0.287000000000000	-3.43874191033350e-15
0.288000000000000	-2.40122434510100e-15
0.289000000000000	-1.67333092202536e-15
0.290000000000000	-1.16371648110438e-15
0.291000000000000	-8.07660948999735e-16
0.292000000000000	-5.59406917863341e-16
0.293000000000000	-3.86672885987959e-16
0.294000000000000	-2.66733173822586e-16
0.295000000000000	-1.83623411813151e-16
0.296000000000000	-1.26152847081407e-16
0.297000000000000	-8.64936682286001e-17
0.298000000000000	-5.91820629076675e-17
0.299000000000000	-4.04124024198682e-17
0.300000000000000	-2.75396415869931e-17
0.301000000000000	-1.87292850048974e-17
0.302000000000000	-1.27117008200999e-17
0.303000000000000	-8.61005495608710e-18
0.304000000000000	-5.82007019262743e-18
0.305000000000000	-3.92618534979666e-18
0.306000000000000	-2.64322349002556e-18
0.307000000000000	-1.77589675735238e-18
0.308000000000000	-1.19075527077140e-18
0.309000000000000	-7.96798492381523e-19
0.310000000000000	-5.32103245377249e-19
0.311000000000000	-3.54621401169951e-19
0.312000000000000	-2.35860827597915e-19
0.313000000000000	-1.56555650737769e-19
0.314000000000000	-1.03706012798210e-19
0.315000000000000	-6.85585447043564e-20
0.316000000000000	-4.52315955096697e-20
0.317000000000000	-2.97813983988944e-20
0.318000000000000	-1.95691211436192e-20
0.319000000000000	-1.28327816655107e-20
0.320000000000000	-8.39834528392575e-21
0.321000000000000	-5.48517224495398e-21
0.322000000000000	-3.57528461664368e-21
0.323000000000000	-2.32570677531928e-21
0.324000000000000	-1.50981404595803e-21
0.325000000000000	-9.78174429236430e-22
0.326000000000000	-6.32460874033186e-22
0.327000000000000	-4.08108562479090e-22
0.328000000000000	-2.62810433327849e-22
0.329000000000000	-1.68901892725545e-22
0.330000000000000	-1.08330715661813e-22
0.331000000000000	-6.93416307675172e-23
0.332000000000000	-4.42957431169498e-23
0.333000000000000	-2.82394082085422e-23
0.334000000000000	-1.79669766665823e-23
0.335000000000000	-1.14082855169513e-23
0.336000000000000	-7.22922722805573e-24
0.337000000000000	-4.57182537328390e-24
0.338000000000000	-2.88545165331730e-24
0.339000000000000	-1.81745859240210e-24
0.340000000000000	-1.14246247725611e-24
0.341000000000000	-7.16714519649467e-25
0.342000000000000	-4.48722076307604e-25
0.343000000000000	-2.80372738301727e-25
0.344000000000000	-1.74832182007194e-25
0.345000000000000	-1.08801367398327e-25
0.346000000000000	-6.75732553779823e-26
0.347000000000000	-4.18835005782909e-26
0.348000000000000	-2.59082973854931e-26
0.349000000000000	-1.59942054848458e-26
0.350000000000000	-9.85404385773985e-27
0.351000000000000	-6.05890935697977e-27
0.352000000000000	-3.71794265055081e-27
0.353000000000000	-2.27687560666580e-27
0.354000000000000	-1.39156798133440e-27
0.355000000000000	-8.48785932617543e-28
0.356000000000000	-5.16678817555907e-28
0.357000000000000	-3.13886034409736e-28
0.358000000000000	-1.90305918385756e-28
0.359000000000000	-1.15149398300480e-28
0.360000000000000	-6.95344842735008e-29
0.361000000000000	-4.19052174277674e-29
0.362000000000000	-2.52037615255683e-29
0.363000000000000	-1.51283698768292e-29
0.364000000000000	-9.06251045056632e-30
0.365000000000000	-5.41794540048644e-30
0.366000000000000	-3.23258942308633e-30
0.367000000000000	-1.92484778667246e-30
0.368000000000000	-1.14385837753285e-30
0.369000000000000	-6.78388132816261e-31
0.370000000000000	-4.01526713521900e-31
0.371000000000000	-2.37181581072057e-31
0.372000000000000	-1.39822764454722e-31
0.373000000000000	-8.22631455946211e-32
0.374000000000000	-4.83018023179532e-32
0.375000000000000	-2.83042758765595e-32
0.376000000000000	-1.65528027677193e-32
0.377000000000000	-9.66099597932581e-33
0.378000000000000	-5.62734084147000e-33
0.379000000000000	-3.27126393846478e-33
0.380000000000000	-1.89783776636923e-33
0.381000000000000	-1.09883833545849e-33
0.382000000000000	-6.34950433556415e-34
0.383000000000000	-3.66165340738840e-34
0.384000000000000	-2.10739582328412e-34
0.385000000000000	-1.21044914907494e-34
0.386000000000000	-6.93870811358190e-35
0.387000000000000	-3.96956029512120e-35
0.388000000000000	-2.26640741259765e-35
0.389000000000000	-1.29141383332027e-35
0.390000000000000	-7.34386758180152e-36
0.391000000000000	-4.16789019506897e-36
0.392000000000000	-2.36069458707954e-36
0.393000000000000	-1.33442914623102e-36
0.394000000000000	-7.52806721384640e-37
0.395000000000000	-4.23841799206366e-37
0.396000000000000	-2.38153233046666e-37
0.397000000000000	-1.33549310913877e-37
0.398000000000000	-7.47410793814726e-38
0.399000000000000	-4.17455026048334e-38
0.400000000000000	-2.32698030545483e-38
0.401000000000000	-1.29451913652812e-38
0.402000000000000	-7.18715588312402e-39
0.403000000000000	-3.98234190737749e-39
0.404000000000000	-2.20218084477623e-39
0.405000000000000	-1.21534741282058e-39
0.406000000000000	-6.69392728011688e-40
0.407000000000000	-3.67954987013712e-40
0.408000000000000	-2.01855977832864e-40
0.409000000000000	-1.10515150462481e-40
0.410000000000000	-6.03858756758071e-41
0.411000000000000	-3.29292868579655e-41
0.412000000000000	-1.79210211214000e-41
0.413000000000000	-9.73367202314096e-42
0.414000000000000	-5.27623653212412e-42
0.415000000000000	-2.85433837075188e-42
0.416000000000000	-1.54106290056701e-42
0.417000000000000	-8.30365017179559e-43
0.418000000000000	-4.46530934112042e-43
0.419000000000000	-2.39644762694881e-43
0.420000000000000	-1.28356621027722e-43
0.421000000000000	-6.86123995828887e-44
0.422000000000000	-3.66033635382883e-44
0.423000000000000	-1.94882791718781e-44
0.424000000000000	-1.03552396559280e-44
0.425000000000000	-5.49137416108150e-45
0.426000000000000	-2.90627154991047e-45
0.427000000000000	-1.53506111889438e-45
0.428000000000000	-8.09188183656713e-46
0.429000000000000	-4.25704091741145e-46
0.430000000000000	-2.23511874218099e-46
0.431000000000000	-1.17119149753383e-46
0.432000000000000	-6.12477032030157e-47
0.433000000000000	-3.19658560731908e-47
0.434000000000000	-1.66501272965976e-47
0.435000000000000	-8.65532763633310e-48
0.436000000000000	-4.49039194998913e-48
0.437000000000000	-2.32498321628203e-48
0.438000000000000	-1.20140732281784e-48
0.439000000000000	-6.19577525920256e-49
0.440000000000000	-3.18886411610345e-49
0.441000000000000	-1.63799055663023e-49
0.442000000000000	-8.39695533170610e-50
0.443000000000000	-4.29603100747971e-50
0.444000000000000	-2.19355300073987e-50
0.445000000000000	-1.11779989130604e-50
0.446000000000000	-5.68480070800335e-51
0.447000000000000	-2.88537138310557e-51
0.448000000000000	-1.46158317434963e-51
0.449000000000000	-7.38891603864665e-52
0.450000000000000	-3.72797811188296e-52
0.451000000000000	-1.87716066021501e-52
0.452000000000000	-9.43333038072023e-53
0.453000000000000	-4.73112255486968e-53
0.454000000000000	-2.36809404430887e-53
0.455000000000000	-1.18295800759877e-53
0.456000000000000	-5.89760100553514e-54
0.457000000000000	-2.93438547096698e-54
0.458000000000000	-1.45711791190511e-54
0.459000000000000	-7.22117761255778e-55
0.460000000000000	-3.57155377748235e-55
0.461000000000000	-1.76295909672080e-55
0.462000000000000	-8.68486742007193e-56
0.463000000000000	-4.26992358615177e-56
0.464000000000000	-2.09513978702474e-56
0.465000000000000	-1.02598718095159e-56
0.466000000000000	-5.01426094985862e-57
0.467000000000000	-2.44572730628182e-57
0.468000000000000	-1.19054351601786e-57
0.469000000000000	-5.78387226544525e-58
0.470000000000000	-2.80432488569365e-58
0.471000000000000	-1.35698237972147e-58
0.472000000000000	-6.55324456980437e-59
0.473000000000000	-3.15845624593816e-59
0.474000000000000	-1.51925162518251e-59
0.475000000000000	-7.29324738441822e-60
0.476000000000000	-3.49420680791842e-60
0.477000000000000	-1.67075483137307e-60
0.478000000000000	-7.97284533442277e-61
0.479000000000000	-3.79708640670495e-61
0.480000000000000	-1.80477963378811e-61
0.481000000000000	-8.56119672464701e-62
0.482000000000000	-4.05304474645674e-62
0.483000000000000	-1.91498324958391e-62
0.484000000000000	-9.02994805873441e-63
0.485000000000000	-4.24954320043846e-63
0.486000000000000	-1.99588723474326e-63
0.487000000000000	-9.35549001483343e-64
0.488000000000000	-4.37657018168330e-64
0.489000000000000	-2.04332808442004e-64
0.490000000000000	-9.52092604313084e-65
0.491000000000000	-4.42748593376293e-65
0.492000000000000	-2.05481217305741e-65
0.493000000000000	-9.51752532622859e-66
0.494000000000000	-4.39959757247075e-66
0.495000000000000	-2.02973292836455e-66
0.496000000000000	-9.34548621752898e-67
0.497000000000000	-4.29439506365512e-67
0.498000000000000	-1.96942391402965e-67
0.499000000000000	-9.01391724479894e-68
0.500000000000000	-4.11741935651909e-68
0.501000000000000	-1.87704135574801e-68
0.502000000000000	-8.54003819199567e-69
0.503000000000000	-3.87777891253238e-69
0.504000000000000	-1.75729051141245e-69
0.505000000000000	-7.94769877610955e-70
0.506000000000000	-3.58737333490024e-70
0.507000000000000	-1.61602889636084e-70
0.508000000000000	-7.26539222675969e-71
0.509000000000000	-3.25991615821823e-71
0.510000000000000	-1.45979289512331e-71
0.511000000000000	-6.52399374750878e-72
0.512000000000000	-2.90986826611579e-72
0.513000000000000	-1.29530084215657e-72
0.514000000000000	-5.75447252119019e-73
0.515000000000000	-2.55139659598900e-73
0.516000000000000	-1.12898462299499e-73
0.517000000000000	-4.98580984353688e-74
0.518000000000000	-2.19746035403062e-74
0.519000000000000	-9.66593932378514e-75
0.520000000000000	-4.24331022508898e-75
0.521000000000000	-1.85910205320801e-75
0.522000000000000	-8.12904314789884e-76
0.523000000000000	-3.54742647206521e-76
0.524000000000000	-1.54498823189314e-76
0.525000000000000	-6.71544462137860e-77
0.526000000000000	-2.91314575800820e-77
0.527000000000000	-1.26121035449087e-77
0.528000000000000	-5.44942567229643e-78
0.529000000000000	-2.34991338577487e-78
0.530000000000000	-1.01132540185291e-78
0.531000000000000	-4.34378116451564e-79
0.532000000000000	-1.86201400795233e-79
0.533000000000000	-7.96592028756593e-80
0.534000000000000	-3.40115948556240e-80
0.535000000000000	-1.44929264616573e-80
0.536000000000000	-6.16344113289944e-81
0.537000000000000	-2.61594440713051e-81
0.538000000000000	-1.10808195866855e-81
0.539000000000000	-4.68439376909719e-82
0.540000000000000	-1.97639189257197e-82
0.541000000000000	-8.32206133339284e-83
0.542000000000000	-3.49725227346624e-83
0.543000000000000	-1.46676734094533e-83
0.544000000000000	-6.13951045913332e-84
0.545000000000000	-2.56474692741707e-84
0.546000000000000	-1.06928524908684e-84
0.547000000000000	-4.44918983555032e-85
0.548000000000000	-1.84759432785732e-85
0.549000000000000	-7.65721157952733e-86
0.550000000000000	-3.16718212481689e-86
0.551000000000000	-1.30741604560611e-86
0.552000000000000	-5.38633035426435e-87
0.553000000000000	-2.21467795768094e-87
0.554000000000000	-9.08796449204463e-88
0.555000000000000	-3.72186931789292e-88
0.556000000000000	-1.52122725598677e-88
0.557000000000000	-6.20533988897929e-89
0.558000000000000	-2.52624558611948e-89
0.559000000000000	-1.02641761547500e-89
0.560000000000000	-4.16208725149465e-90
0.561000000000000	-1.68436743539669e-90
0.562000000000000	-6.80300959731427e-91
0.563000000000000	-2.74223039383370e-91
0.564000000000000	-1.10317757182286e-91
0.565000000000000	-4.42920266755587e-92
0.566000000000000	-1.77477925970133e-92
0.567000000000000	-7.09744143628302e-93
0.568000000000000	-2.83268308277195e-93
0.569000000000000	-1.12832153197567e-93
0.570000000000000	-4.48545491966897e-94
0.571000000000000	-1.77958553488124e-94
0.572000000000000	-7.04644400879298e-95
0.573000000000000	-2.78458146738932e-95
0.574000000000000	-1.09821824122051e-95
0.575000000000000	-4.32271094771710e-96
0.576000000000000	-1.69809731018117e-96
0.577000000000000	-6.65744831996819e-97
0.578000000000000	-2.60490507435106e-97
0.579000000000000	-1.01721998550959e-97
0.580000000000000	-3.96439361139416e-98
0.581000000000000	-1.54197583583139e-98
0.582000000000000	-5.98573245815037e-99
0.583000000000000	-2.31897455846150e-99
0.584000000000000	-8.96630755305957e-100
0.585000000000000	-3.45995348083852e-100
0.586000000000000	-1.33249590904114e-100
0.587000000000000	-5.12153943364578e-101
0.588000000000000	-1.96460020483382e-101
0.589000000000000	-7.52119574831223e-102
0.590000000000000	-2.87368166378417e-102
0.591000000000000	-1.09579545596868e-102
0.592000000000000	-4.17022437002323e-103
0.593000000000000	-1.58390252817681e-103
0.594000000000000	-6.00394355240174e-104
0.595000000000000	-2.27134906260016e-104
0.596000000000000	-8.57571444673696e-105
0.597000000000000	-3.23143856329338e-105
0.598000000000000	-1.21523612850323e-105
0.599000000000000	-4.56104789741771e-106
0.600000000000000	-1.70847173950018e-106
0.601000000000000	-6.38690102164928e-107
0.602000000000000	-2.38293286387538e-107
0.603000000000000	-8.87304483917868e-108
0.604000000000000	-3.29740891712948e-108
0.605000000000000	-1.22295989801747e-108
0.606000000000000	-4.52679591109515e-109
0.607000000000000	-1.67227969893243e-109
0.608000000000000	-6.16547069630795e-110
0.609000000000000	-2.26862591953839e-110
0.610000000000000	-8.33103360504800e-111
0.611000000000000	-3.05333349000458e-111
0.612000000000000	-1.11683487708503e-111
0.613000000000000	-4.07702223006379e-112
0.614000000000000	-1.48537663865613e-112
0.615000000000000	-5.40094196095226e-113
0.616000000000000	-1.95993584524781e-113
0.617000000000000	-7.09828836789931e-114
0.618000000000000	-2.56569407697735e-114
0.619000000000000	-9.25540798836157e-115
0.620000000000000	-3.33215917787260e-115
0.621000000000000	-1.19727909585299e-115
0.622000000000000	-4.29343172784194e-116
0.623000000000000	-1.53657313685794e-116
0.624000000000000	-5.48834542868411e-117
0.625000000000000	-1.95645190830196e-117
0.626000000000000	-6.96043636251810e-118
0.627000000000000	-2.47140158230826e-118
0.628000000000000	-8.75769364075936e-119
0.629000000000000	-3.09724645360242e-119
0.630000000000000	-1.09320442063607e-119
0.631000000000000	-3.85093869807530e-120
0.632000000000000	-1.35385282172774e-120
0.633000000000000	-4.75024422432127e-121
0.634000000000000	-1.66341291613490e-121
0.635000000000000	-5.81331503094960e-122
0.636000000000000	-2.02762350801519e-122
0.637000000000000	-7.05814308796548e-123
0.638000000000000	-2.45207241794998e-123
0.639000000000000	-8.50189682816117e-124
0.640000000000000	-2.94196894775657e-124
0.641000000000000	-1.01601487344156e-124
0.642000000000000	-3.50188423521659e-125
0.643000000000000	-1.20460109653951e-125
0.644000000000000	-4.13546627834043e-126
0.645000000000000	-1.41692050470862e-126
0.646000000000000	-4.84513931570042e-127
0.647000000000000	-1.65351007975203e-127
0.648000000000000	-5.63180006792890e-128
0.649000000000000	-1.91437681524018e-128
0.650000000000000	-6.49452584152722e-129
0.651000000000000	-2.19890926460231e-129
0.652000000000000	-7.43031141877249e-130
0.653000000000000	-2.50580101783048e-130
0.654000000000000	-8.43385275943278e-131
0.655000000000000	-2.83299186166468e-131
0.656000000000000	-9.49739560145695e-132
0.657000000000000	-3.17763221180678e-132
0.658000000000000	-1.06106659009583e-132
0.659000000000000	-3.53607583938105e-133
0.660000000000000	-1.17608966050813e-133
0.661000000000000	-3.90390493295828e-134
0.662000000000000	-1.29329615084302e-134
0.663000000000000	-4.27599015998818e-135
0.664000000000000	-1.41096220168456e-135
0.665000000000000	-4.64658667069602e-136
0.666000000000000	-1.52718867558782e-136
0.667000000000000	-5.00946501152868e-137
0.668000000000000	-1.63994774449665e-137
0.669000000000000	-5.35807380302349e-138
0.670000000000000	-1.74713877291299e-138
0.671000000000000	-5.68572893103453e-139
0.672000000000000	-1.84665151934676e-139
0.673000000000000	-5.98582205595224e-140
0.674000000000000	-1.93643410791319e-140
0.675000000000000	-6.25203961748724e-141
0.676000000000000	-2.01456277486310e-141
0.677000000000000	-6.47858234473713e-142
0.678000000000000	-2.07931011240617e-142
0.679000000000000	-6.66037468720078e-143
0.680000000000000	-2.12920844490673e-143
0.681000000000000	-6.79325363754391e-144
0.682000000000000	-2.16310509688887e-144
0.683000000000000	-6.87412714868486e-145
0.684000000000000	-2.18020664869150e-145
0.685000000000000	-6.90109373053054e-146
0.686000000000000	-2.18010980758327e-146
0.687000000000000	-6.87351676752374e-147
0.688000000000000	-2.16281721712949e-147
0.689000000000000	-6.79204950114960e-148
0.690000000000000	-2.12873733944652e-148
0.691000000000000	-6.65860930848220e-149
0.692000000000000	-2.07866841756754e-149
0.693000000000000	-6.47630269090666e-150
0.694000000000000	-2.01376739714971e-150
0.695000000000000	-6.24930507053743e-151
0.696000000000000	-1.93550549698084e-151
0.697000000000000	-5.98270188822391e-152
0.698000000000000	-1.84561281017053e-152
0.699000000000000	-5.68229944355899e-153
0.700000000000000	-1.74601484665678e-153
0.701000000000000	-5.35441528916790e-154
0.702000000000000	-1.63876426043692e-154
0.703000000000000	-5.00565871159800e-155
0.704000000000000	-1.52597112560592e-155
0.705000000000000	-4.64271187490113e-156
0.706000000000000	-1.40973503455837e-156
0.707000000000000	-4.27212159874907e-157
0.708000000000000	-1.29208200634864e-157
0.709000000000000	-3.90011056689992e-158
0.710000000000000	-1.17490874393628e-158
0.711000000000000	-3.53241512914882e-159
0.712000000000000	-1.05993620703852e-159
0.713000000000000	-3.17415491282577e-160
0.714000000000000	-9.48673820239417e-161
0.715000000000000	-2.82973735401598e-161
0.716000000000000	-8.42394963528981e-162
0.717000000000000	-2.50279814912412e-162
0.718000000000000	-7.42123742009750e-163
0.719000000000000	-2.19617665622218e-163
0.720000000000000	-6.48632444642621e-164
0.721000000000000	-1.91192356113486e-164
0.722000000000000	-5.62448611372701e-165
0.723000000000000	-1.65133675290019e-165
0.724000000000000	-4.83870255996217e-166
0.725000000000000	-1.41502037965317e-166
0.726000000000000	-4.12987549723564e-167
0.727000000000000	-1.20296149653353e-167
0.728000000000000	-3.49709157752051e-168
0.729000000000000	-1.01461855682143e-168
0.730000000000000	-2.93791428986236e-169
0.731000000000000	-8.49016193940329e-170
0.732000000000000	-2.44868750482350e-170
0.733000000000000	-7.04841232788008e-171
0.734000000000000	-2.02483571218904e-171
0.735000000000000	-5.80535579197158e-172
0.736000000000000	-1.66114849705359e-172
0.737000000000000	-4.74382486645786e-173
0.738000000000000	-1.35203961688433e-173
0.739000000000000	-3.84583612428350e-174
0.740000000000000	-1.09177394466585e-174
0.741000000000000	-3.09325182179430e-175
0.742000000000000	-8.74658329894435e-176
0.743000000000000	-2.46832424892408e-176
0.744000000000000	-6.95194942030676e-177
0.745000000000000	-1.95412177855360e-177
0.746000000000000	-5.48197789626151e-178
0.747000000000000	-1.53484164951345e-178
0.748000000000000	-4.28874789904855e-179
0.749000000000000	-1.19601909766412e-179
0.750000000000000	-3.32878978749000e-180
0.751000000000000	-9.24645568917611e-181
0.752000000000000	-2.56333216971516e-181
0.753000000000000	-7.09210508887182e-182
0.754000000000000	-1.95833110485272e-182
0.755000000000000	-5.39681801562978e-183
0.756000000000000	-1.48432883164552e-183
0.757000000000000	-4.07439544171895e-184
0.758000000000000	-1.11618695324388e-184
0.759000000000000	-3.05176735641796e-185
0.760000000000000	-8.32734633767003e-186
0.761000000000000	-2.26778856386344e-186
0.762000000000000	-6.16366788089135e-187
0.763000000000000	-1.67192441294985e-187
0.764000000000000	-4.52621100702620e-188
0.765000000000000	-1.22290777722704e-188
0.766000000000000	-3.29756509067051e-189
0.767000000000000	-8.87429399075515e-190
0.768000000000000	-2.38349924449726e-190
0.769000000000000	-6.38906052525819e-191
0.770000000000000	-1.70922709679825e-191
0.771000000000000	-4.56355537798293e-192
0.772000000000000	-1.21603948174453e-192
0.773000000000000	-3.23394646936116e-193
0.774000000000000	-8.58338878866678e-194
0.775000000000000	-2.27366017273733e-194
0.776000000000000	-6.01081196414360e-195
0.777000000000000	-1.58592101354685e-195
0.778000000000000	-4.17609908318043e-196
0.779000000000000	-1.09749075362597e-196
0.780000000000000	-2.87853680221989e-197
0.781000000000000	-7.53500506932248e-198
0.782000000000000	-1.96850337247866e-198
0.783000000000000	-5.13250799882177e-199
0.784000000000000	-1.33556174065174e-199
0.785000000000000	-3.46847982353427e-200
0.786000000000000	-8.98990804397057e-201
0.787000000000000	-2.32547784192789e-201
0.788000000000000	-6.00357647066736e-202
0.789000000000000	-1.54685205336865e-202
0.790000000000000	-3.97766684242528e-203
0.791000000000000	-1.02081944247693e-203
0.792000000000000	-2.61463076652201e-204
0.793000000000000	-6.68363482321497e-205
0.794000000000000	-1.70512403421817e-205
0.795000000000000	-4.34150355512275e-206
0.796000000000000	-1.10322799432912e-206
0.797000000000000	-2.79789439788729e-207
0.798000000000000	-7.08171266821161e-208
0.799000000000000	-1.78890067531173e-208
0.800000000000000	-4.50998505213712e-209
0.801000000000000	-1.13476238208004e-209
0.802000000000000	-2.84954629184593e-210
0.803000000000000	-7.14146754035816e-211
0.804000000000000	-1.78624154113033e-211
0.805000000000000	-4.45896309105072e-212
0.806000000000000	-1.11088358278344e-212
0.807000000000000	-2.76213056337736e-213
0.808000000000000	-6.85426430370015e-214
0.809000000000000	-1.69753401084004e-214
0.810000000000000	-4.19582262321498e-215
0.811000000000000	-1.03503910869931e-215
0.812000000000000	-2.54822286235291e-216
0.813000000000000	-6.26122151932833e-217
0.814000000000000	-1.53540075141057e-217
0.815000000000000	-3.75772895709879e-218
0.816000000000000	-9.17846765971660e-219
0.817000000000000	-2.23746342734985e-219
0.818000000000000	-5.44355663797868e-220
0.819000000000000	-1.32175386446459e-220
0.820000000000000	-3.20301873333931e-221
0.821000000000000	-7.74656947599600e-222
0.822000000000000	-1.86982265813003e-222
0.823000000000000	-4.50435361088864e-223
0.824000000000000	-1.08294300851154e-223
0.825000000000000	-2.59848250331110e-224
0.826000000000000	-6.22264559575857e-225
0.827000000000000	-1.48720698491953e-225
0.828000000000000	-3.54738928811758e-226
0.829000000000000	-8.44476119248000e-227
0.830000000000000	-2.00635135009007e-227
0.831000000000000	-4.75737846223807e-228
0.832000000000000	-1.12582144751844e-228
0.833000000000000	-2.65896389713487e-229
0.834000000000000	-6.26753076652256e-230
0.835000000000000	-1.47442139487621e-230
0.836000000000000	-3.46168777181949e-231
0.837000000000000	-8.11139009888696e-232
0.838000000000000	-1.89689727054286e-232
0.839000000000000	-4.42724410441000e-233
0.840000000000000	-1.03125071492878e-233
0.841000000000000	-2.39737625242743e-234
0.842000000000000	-5.56223433797894e-235
0.843000000000000	-1.28796338045253e-235
0.844000000000000	-2.97645214017140e-236
0.845000000000000	-6.86491953863539e-237
0.846000000000000	-1.58020402096932e-237
0.847000000000000	-3.63021244660531e-238
0.848000000000000	-8.32323376554803e-239
0.849000000000000	-1.90455412559012e-239
0.850000000000000	-4.34946386190324e-240
0.851000000000000	-9.91332441416882e-241
0.852000000000000	-2.25498729499930e-241
0.853000000000000	-5.11929401224507e-242
0.854000000000000	-1.15989117226588e-242
0.855000000000000	-2.62280265429354e-243
0.856000000000000	-5.91909337384030e-244
0.857000000000000	-1.33317136445535e-244
0.858000000000000	-2.99680148852448e-245
0.859000000000000	-6.72312509380697e-246
0.860000000000000	-1.50530890091664e-246
0.861000000000000	-3.36373127019530e-247
0.862000000000000	-7.50167396020203e-248
0.863000000000000	-1.66969178470659e-248
0.864000000000000	-3.70899009154156e-249
0.865000000000000	-8.22273467712033e-250
0.866000000000000	-1.81935783849343e-250
0.867000000000000	-4.01754938883213e-251
0.868000000000000	-8.85412350196745e-252
0.869000000000000	-1.94747182548855e-252
0.870000000000000	-4.27501902641473e-253
0.871000000000000	-9.36582815536265e-254
0.872000000000000	-2.04783794807758e-254
0.873000000000000	-4.46875206934550e-255
0.874000000000000	-9.73236100484352e-256
0.875000000000000	-2.11539483404330e-256
0.876000000000000	-4.58887209147022e-257
0.877000000000000	-9.93486003187834e-258
0.878000000000000	-2.14663815498084e-258
0.879000000000000	-4.62910711957602e-259
0.880000000000000	-9.96269684784769e-260
0.881000000000000	-2.13992179760102e-260
0.882000000000000	-4.58733224288658e-261
0.883000000000000	-9.81440099105155e-262
0.884000000000000	-2.09560156460486e-262
0.885000000000000	-4.46575555178394e-263
0.886000000000000	-9.49778862701107e-264
0.887000000000000	-2.01600394511744e-264
0.888000000000000	-4.27072476036214e-265
0.889000000000000	-9.02927997426794e-266
0.890000000000000	-1.90522376965996e-266
0.891000000000000	-4.01217808340610e-267
0.892000000000000	-8.43248841891893e-268
0.893000000000000	-1.76877524395814e-268
0.894000000000000	-3.70280548209615e-269
0.895000000000000	-7.73625003299790e-270
0.896000000000000	-1.61313774515347e-270
0.897000000000000	-3.35701876180256e-271
0.898000000000000	-6.97232217727925e-272
0.899000000000000	-1.44524838146319e-272
0.900000000000000	-2.98984659997291e-273
0.901000000000000	-6.17300593969256e-274
0.902000000000000	-1.27199633499103e-274
0.903000000000000	-2.61587149468959e-275
0.904000000000000	-5.36893732713011e-276
0.905000000000000	-1.09976944736976e-276
0.906000000000000	-2.24831085259528e-277
0.907000000000000	-4.58725050322353e-278
0.908000000000000	-9.34092648759440e-279
0.909000000000000	-1.89831750219986e-279
0.910000000000000	-3.85025198359147e-280
0.911000000000000	-7.79382879812577e-281
0.912000000000000	-1.57454102392949e-281
0.913000000000000	-3.17466945039826e-282
0.914000000000000	-6.38828763352908e-283
0.915000000000000	-1.28295620473548e-283
0.916000000000000	-2.57146503951618e-284
0.917000000000000	-5.14388017874370e-285
0.918000000000000	-1.02693390537732e-285
0.919000000000000	-2.04614108169321e-286
0.920000000000000	-4.06883513985173e-287
0.921000000000000	-8.07506545785097e-288
0.922000000000000	-1.59942342366068e-288
0.923000000000000	-3.16171193240002e-289
0.924000000000000	-6.23767285113643e-290
0.925000000000000	-1.22818656026374e-290
0.926000000000000	-2.41350133348976e-291
0.927000000000000	-4.73338907225370e-292
0.928000000000000	-9.26484858182673e-293
0.929000000000000	-1.80986387883475e-293
0.930000000000000	-3.52853936332177e-294
0.931000000000000	-6.86571057065977e-295
0.932000000000000	-1.33326810529966e-295
0.933000000000000	-2.58399081271825e-296
0.934000000000000	-4.99811126892334e-297
0.935000000000000	-9.64855680584792e-298
0.936000000000000	-1.85891820991991e-298
0.937000000000000	-3.57437154656563e-299
0.938000000000000	-6.85931265029945e-300
0.939000000000000	-1.31372056307892e-300
0.940000000000000	-2.51111669083262e-301
0.941000000000000	-4.79040566659115e-302
0.942000000000000	-9.12051146816627e-303
0.943000000000000	-1.73303606965004e-303
0.944000000000000	-3.28652938246558e-304
0.945000000000000	-6.22026589094744e-305
0.946000000000000	-1.17495678861415e-305
0.947000000000000	-2.21501340362755e-306
0.948000000000000	-4.16746866930539e-307
0.949000000000000	-7.82545957882929e-308
0.950000000000000	-1.46652303326164e-308
0.951000000000000	-2.74289671341159e-309
0.952000000000000	-5.12001876211306e-310
0.953000000000000	-9.53839242897830e-311
0.954000000000000	-1.77345575647100e-311
0.955000000000000	-3.29084230367600e-312
0.956000000000000	-6.09446137090000e-313
0.957000000000000	-1.12643239655000e-313
0.958000000000000	-2.07786097940000e-314
0.959000000000000	-3.82533444300000e-315
0.960000000000000	-7.02851930000000e-316
0.961000000000000	-1.28884360000000e-316
0.962000000000000	-2.35874300000000e-317
0.963000000000000	-4.30819000000000e-318
0.964000000000000	-7.85194000000000e-319
0.965000000000000	-1.42830000000000e-319
0.966000000000000	-2.59300000000000e-320
0.967000000000000	-4.76000000000000e-321
0.968000000000000	-7.36000000000000e-322
0.969000000000000	0
0.970000000000000	0
0.971000000000000	0
0.972000000000000	0
0.973000000000000	0
0.974000000000000	0
0.975000000000000	0
0.976000000000000	0
0.977000000000000	0
0.978000000000000	0
0.979000000000000	0
0.980000000000000	0
0.981000000000000	0
0.982000000000000	0
0.983000000000000	0
0.984000000000000	0
0.985000000000000	0
0.986000000000000	0
0.987000000000000	0
0.988000000000000	0
0.989000000000000	0
0.990000000000000	0
0.991000000000000	0
0.992000000000000	0
0.993000000000000	0
0.994000000000000	0
0.995000000000000	0
0.996000000000000	0
0.997000000000000	0
0.998000000000000	0
0.999000000000000	0
